timestamp,cur_x,cur_y,cur_z,thrust
0.0010495185852050781,0.9908773899078369,0.09654156863689423,2.5396370887756348,55000
0.005053281784057617,0.9909080266952515,0.096488356590271,2.5397045612335205,55000
0.010378360748291016,0.9908278584480286,0.09647252410650253,2.539639949798584,55000
0.01535487174987793,0.9907675385475159,0.09646116197109222,2.5395612716674805,55000
0.025677204132080078,0.9908425211906433,0.09648273885250092,2.5396623611450195,55000
0.031030654907226562,0.9909613728523254,0.0965394675731659,2.5397419929504395,55000
0.03759145736694336,0.99097740650177,0.09652639180421829,2.5397071838378906,55000
0.0428006649017334,0.9908285140991211,0.09650135785341263,2.539652109146118,55000
0.048056602478027344,0.9908621311187744,0.09648923575878143,2.53967547416687,55000
0.05334115028381348,0.9908944368362427,0.09647449105978012,2.5397047996520996,55000
0.06090235710144043,0.9908241629600525,0.09652119129896164,2.539705514907837,55000
0.07164263725280762,0.9908732771873474,0.09649714082479477,2.5397231578826904,55000
0.08109712600708008,0.990872323513031,0.09652639925479889,2.539710283279419,55000
0.09106683731079102,0.9909316897392273,0.09656605124473572,2.539700746536255,55000
0.10269999504089355,0.9909167289733887,0.09659211337566376,2.539748191833496,55000
0.12111973762512207,0.9909160733222961,0.0965304970741272,2.5397369861602783,55000
0.12494373321533203,0.9908791780471802,0.0965242013335228,2.5397579669952393,55000
0.14432191848754883,0.9908385872840881,0.09654016047716141,2.539668083190918,55000
0.161818265914917,0.9909247756004333,0.09665831923484802,2.5396952629089355,55000
0.16633820533752441,0.9910063743591309,0.09674578160047531,2.5397582054138184,55000
0.17463994026184082,0.9910096526145935,0.09686600416898727,2.539720296859741,55000
0.17947864532470703,0.991034209728241,0.09720391780138016,2.5394046306610107,55000
0.18961191177368164,0.9910175204277039,0.09748873114585876,2.539149522781372,55000
0.1947617530822754,0.9911348223686218,0.0977465882897377,2.539080858230591,55000
0.20229482650756836,0.9912980794906616,0.0982653796672821,2.5389645099639893,55000
0.2109358310699463,0.9913733601570129,0.09857175499200821,2.5389420986175537,55000
0.2208251953125,0.9914453029632568,0.09945744276046753,2.5387794971466064,55000
0.23147916793823242,0.9919323325157166,0.10036396980285645,2.5389301776885986,55000
0.24099445343017578,0.9920799732208252,0.10116902738809586,2.5389790534973145,55000
0.2505953311920166,0.9921274781227112,0.10289323329925537,2.5389833450317383,55000
0.26203036308288574,0.9923194646835327,0.10452192276716232,2.5388901233673096,55000
0.2714052200317383,0.9925659894943237,0.10636573284864426,2.5388007164001465,55000
0.2817981243133545,0.9929879903793335,0.1086975634098053,2.53888201713562,55000
0.2907073497772217,0.9931181073188782,0.1110202968120575,2.5388877391815186,55000
0.30106568336486816,0.9931736588478088,0.11384288221597672,2.5387959480285645,55000
0.312605619430542,0.9934176206588745,0.11683114618062973,2.5389091968536377,55000
0.32076096534729004,0.9936348795890808,0.1199551448225975,2.538790464401245,55000
0.33082151412963867,0.9939563274383545,0.12323090434074402,2.53879451751709,55000
0.3440375328063965,0.993877649307251,0.12751732766628265,2.538633108139038,53996
0.3520021438598633,0.9944483041763306,0.13074663281440735,2.538830518722534,55000
0.36098146438598633,0.9948413968086243,0.13498739898204803,2.5389461517333984,53979
0.3812284469604492,0.995068371295929,0.13939617574214935,2.538944721221924,53775
0.3820374011993408,0.9956434369087219,0.1437440663576126,2.5390846729278564,53817
0.39169859886169434,0.9956937432289124,0.1487276703119278,2.539177417755127,53125
0.40090513229370117,0.9965803623199463,0.15313579142093658,2.539241075515747,53666
0.4111037254333496,0.9964760541915894,0.15874534845352173,2.5392403602600098,52405
0.42386388778686523,0.9971007704734802,0.16345109045505524,2.539308786392212,53276
0.43134450912475586,0.9974453449249268,0.1690981090068817,2.539309501647949,52269
0.4407320022583008,0.9982521533966064,0.17448462545871735,2.53951096534729,52489
0.45064878463745117,0.9985201358795166,0.18048623204231262,2.5394768714904785,51808
0.46117067337036133,0.9994955658912659,0.18557961285114288,2.5397768020629883,52677
0.47065210342407227,0.9998825192451477,0.19197110831737518,2.5398662090301514,51305
0.4831564426422119,1.0003585815429688,0.19780294597148895,2.5399131774902344,51824
0.4920539855957031,1.0010079145431519,0.20403209328651428,2.540015697479248,51358
0.5011074542999268,1.0017083883285522,0.21024687588214874,2.5403599739074707,51310
0.5109961032867432,1.0025265216827393,0.21657881140708923,2.540473222732544,51132
0.5218827724456787,1.0032140016555786,0.22278034687042236,2.5406851768493652,51205
0.5316610336303711,1.0037281513214111,0.22949939966201782,2.541048526763916,50617
0.5410213470458984,1.0043290853500366,0.23606805503368378,2.5412466526031494,50703
0.5508604049682617,1.0052709579467773,0.24279944598674774,2.5416085720062256,50478
0.5621991157531738,1.0061308145523071,0.24944353103637695,2.5419695377349854,50492
0.5712900161743164,1.0068964958190918,0.2559753656387329,2.5424559116363525,50622
0.5836124420166016,1.0076725482940674,0.26301339268684387,2.5427138805389404,49890
0.5909738540649414,1.0085529088974,0.2701141834259033,2.5430312156677246,49828
0.6012425422668457,1.0095272064208984,0.27706199884414673,2.5433969497680664,49910
0.6110987663269043,1.010353684425354,0.2841424345970154,2.5438454151153564,49703
0.6221680641174316,1.0112590789794922,0.2911546230316162,2.5442185401916504,49700
0.631342887878418,1.012241005897522,0.29834499955177307,2.544572591781616,49446
0.6431443691253662,1.0132960081100464,0.3055255711078644,2.544887065887451,49376
0.6513099670410156,1.0142689943313599,0.3127284646034241,2.5451619625091553,49274
0.6612687110900879,1.015227198600769,0.3198978900909424,2.545581817626953,49232
0.6712751388549805,1.0163233280181885,0.3270755708217621,2.5459117889404297,49141
0.6840147972106934,1.0174225568771362,0.3344495892524719,2.5462121963500977,48871
0.6921103000640869,1.0183231830596924,0.3417060673236847,2.546560287475586,49120
0.7013421058654785,1.0193086862564087,0.34907054901123047,2.5469233989715576,48727
0.7112271785736084,1.02048659324646,0.3563404381275177,2.547173023223877,48488
0.7321646213531494,1.0214518308639526,0.36366358399391174,2.5476396083831787,48764
0.7391138076782227,1.0224361419677734,0.37097692489624023,2.5480315685272217,48340
0.7421004772186279,1.0236278772354126,0.378345251083374,2.5483856201171875,48385
0.7516157627105713,1.0247907638549805,0.3859052062034607,2.54866099357605,48090
0.7609682083129883,1.0257571935653687,0.39346781373023987,2.5491037368774414,48006
0.7732505798339844,1.0267386436462402,0.40127405524253845,2.5496230125427246,47665
0.7811555862426758,1.028074860572815,0.4083571434020996,2.5499985218048096,48320
0.7939934730529785,1.0292071104049683,0.4156665802001953,2.550346851348877,48022
0.8011291027069092,1.0303138494491577,0.4236428439617157,2.5507004261016846,47216
0.8155455589294434,1.031556248664856,0.4308065176010132,2.551163673400879,47943
0.8214137554168701,1.0325465202331543,0.4385710060596466,2.551539182662964,47289
0.8312091827392578,1.0337461233139038,0.4459068477153778,2.5518112182617188,47582
0.8415076732635498,1.034917950630188,0.45356544852256775,2.5521647930145264,47198
0.8551197052001953,1.0359904766082764,0.46118614077568054,2.552480936050415,47107
0.8610067367553711,1.037386178970337,0.46847015619277954,2.552905559539795,47371
0.8720970153808594,1.0386382341384888,0.47608837485313416,2.5531394481658936,46944
0.8861067295074463,1.0398436784744263,0.4835081696510315,2.5534565448760986,47027
0.891589879989624,1.041020154953003,0.4911605417728424,2.553929090499878,46698
0.9013187885284424,1.0422804355621338,0.49834513664245605,2.5541906356811523,47069
0.9112997055053711,1.043533444404602,0.5056300759315491,2.5546042919158936,46908
0.9211025238037109,1.0447999238967896,0.5129755139350891,2.5548453330993652,46685
0.9313361644744873,1.0459020137786865,0.5204129815101624,2.555168390274048,46525
0.9407045841217041,1.0471351146697998,0.528035044670105,2.555325746536255,46222
0.951326847076416,1.0483791828155518,0.535151481628418,2.555772542953491,46645
0.9615790843963623,1.0495507717132568,0.5425248742103577,2.5560860633850098,46290
0.9712874889373779,1.0506974458694458,0.5498482584953308,2.556220054626465,46214
0.981379508972168,1.0521783828735352,0.5566744208335876,2.5566346645355225,46636
0.991166353225708,1.053328275680542,0.563992977142334,2.5568437576293945,46572
1.0013618469238281,1.054570198059082,0.5711683034896851,2.557147264480591,45497
1.0113351345062256,1.0558831691741943,0.5780850052833557,2.5573811531066895,46224
1.0212950706481934,1.0571234226226807,0.5852720141410828,2.5575098991394043,45853
1.031153917312622,1.0582836866378784,0.5923089981079102,2.5577802658081055,45868
1.0410528182983398,1.0595605373382568,0.5991372466087341,2.557971715927124,45998
1.05180025100708,1.0608316659927368,0.6060289144515991,2.558156728744507,45828
1.0617427825927734,1.0619685649871826,0.6129469275474548,2.558288097381592,45680
1.07136869430542,1.0632898807525635,0.6197827458381653,2.5584402084350586,45664
1.0812506675720215,1.0645594596862793,0.6264942288398743,2.5586538314819336,45679
1.0914461612701416,1.0657647848129272,0.633225679397583,2.558727264404297,45550
1.1015539169311523,1.066962718963623,0.6398133635520935,2.5588831901550293,45591
1.1112360954284668,1.0681995153427124,0.6464676260948181,2.5589663982391357,46059
1.1220922470092773,1.069345474243164,0.6529601216316223,2.5589957237243652,45506
1.1314079761505127,1.0705822706222534,0.6595330834388733,2.559034585952759,44662
1.142021656036377,1.0719313621520996,0.6659026741981506,2.5591444969177246,45374
1.1514763832092285,1.0729575157165527,0.6724241375923157,2.5590755939483643,45137
1.1614224910736084,1.0743038654327393,0.6785427927970886,2.559185743331909,45438
1.1712636947631836,1.075463056564331,0.6848185658454895,2.5591609477996826,45196
1.1813325881958008,1.0766701698303223,0.6910274028778076,2.559114933013916,45125
1.1913237571716309,1.0779249668121338,0.6970207095146179,2.5591654777526855,45270
1.2010467052459717,1.0791199207305908,0.7031526565551758,2.559109926223755,45030
1.2113456726074219,1.080285906791687,0.7091103196144104,2.5590221881866455,45093
1.2393064498901367,1.081364393234253,0.7151384353637695,2.558912754058838,44941
1.250983715057373,1.0826318264007568,0.7209459543228149,2.558847665786743,45062
1.2600510120391846,1.0836057662963867,0.726850688457489,2.5586459636688232,44877
1.2677783966064453,1.0848877429962158,0.7324329018592834,2.5585668087005615,45095
1.2760250568389893,1.0860272645950317,0.7379456162452698,2.558443546295166,45122
1.281588077545166,1.087101697921753,0.7436974048614502,2.5582363605499268,44354
1.2904248237609863,1.088318109512329,0.7489722371101379,2.55812406539917,45481
1.2973320484161377,1.0893930196762085,0.7545468807220459,2.5578835010528564,44778
1.3050687313079834,1.090680718421936,0.7598223686218262,2.5576398372650146,44961
1.316817283630371,1.0917105674743652,0.7652242183685303,2.5572991371154785,44815
1.3221445083618164,1.0929231643676758,0.770328938961029,2.5571868419647217,45590
1.3338489532470703,1.0941004753112793,0.775446891784668,2.5568864345550537,44322
1.3409550189971924,1.0952179431915283,0.7805423736572266,2.5566675662994385,44833
1.353452205657959,1.0963472127914429,0.7854211926460266,2.5563244819641113,44997
1.3652005195617676,1.097441554069519,0.7903820276260376,2.556000232696533,44847
1.3714079856872559,1.0984982252120972,0.7951949834823608,2.5557260513305664,44886
1.382345199584961,1.0995564460754395,0.800097644329071,2.555245876312256,44761
1.393064260482788,1.1006532907485962,0.8046258687973022,2.5550193786621094,45078
1.4041564464569092,1.1016560792922974,0.8094185590744019,2.554474353790283,44753
1.414820909500122,1.102918267250061,0.8137989640235901,2.554102659225464,45084
1.4314649105072021,1.1037797927856445,0.8183553218841553,2.5537219047546387,44858
1.436894416809082,1.10493803024292,0.822620153427124,2.553360939025879,45077
1.4411122798919678,1.1058878898620605,0.8271711468696594,2.552743911743164,44745
1.4521305561065674,1.1069647073745728,0.8312520384788513,2.552363634109497,45160
1.4611117839813232,1.1079254150390625,0.8356055617332458,2.551755428314209,44885
1.4735107421875,1.1090435981750488,0.8395781517028809,2.5513617992401123,45154
1.4815750122070312,1.1099355220794678,0.843704104423523,2.5508038997650146,45004
1.491323471069336,1.1108877658843994,0.8476584553718567,2.5502121448516846,45125
1.5023272037506104,1.1119139194488525,0.8514335751533508,2.5497469902038574,45269
1.511620044708252,1.112922191619873,0.8552987575531006,2.5491981506347656,45119
1.5214033126831055,1.1138653755187988,0.8590182662010193,2.548501968383789,45189
1.5438106060028076,1.1147823333740234,0.862731397151947,2.547914505004883,45202
1.5493931770324707,1.115710735321045,0.8662233352661133,2.5473806858062744,45549
1.5530424118041992,1.1168534755706787,0.869674801826477,2.5467543601989746,45230
1.5654823780059814,1.1176526546478271,0.8732308745384216,2.5460474491119385,45189
1.5715417861938477,1.1185486316680908,0.8764243125915527,2.545443296432495,45552
1.5831990242004395,1.1194636821746826,0.8797475695610046,2.5447003841400146,45396
1.591982364654541,1.1204009056091309,0.8829433917999268,2.5440189838409424,45463
1.6013407707214355,1.1212964057922363,0.8861547112464905,2.5433425903320312,45420
1.611271619796753,1.1221849918365479,0.889231264591217,2.5425477027893066,45519
1.6235833168029785,1.1230785846710205,0.8921523094177246,2.541923761367798,45682
1.6313962936401367,1.1239601373672485,0.8950857520103455,2.54111647605896,45613
1.6410582065582275,1.1248573064804077,0.8980333209037781,2.5403378009796143,45580
1.6512281894683838,1.1256569623947144,0.9007750153541565,2.5395853519439697,46071
1.661226511001587,1.1265085935592651,0.9035673141479492,2.538731098175049,45359
1.6710751056671143,1.1274009943008423,0.9062139987945557,2.5379796028137207,45785
1.681042194366455,1.1282705068588257,0.908791720867157,2.537175416946411,45816
1.691429615020752,1.129073143005371,0.911436915397644,2.5362930297851562,45764
1.7009921073913574,1.1298567056655884,0.9137526154518127,2.5355019569396973,46046
1.7113783359527588,1.130689263343811,0.916205644607544,2.5345919132232666,45879
1.7211620807647705,1.1315312385559082,0.9186001420021057,2.533717393875122,45900
1.7312605381011963,1.1322740316390991,0.9210456013679504,2.5328314304351807,45868
1.7410898208618164,1.1330790519714355,0.9233958721160889,2.531960964202881,45923
1.753831386566162,1.1338990926742554,0.9255395531654358,2.53110408782959,46340
1.761974573135376,1.13461434841156,0.9276042580604553,2.5302295684814453,45957
1.7714965343475342,1.1352360248565674,0.9297103881835938,2.5293619632720947,46094
1.7815132141113281,1.1359694004058838,0.9317771196365356,2.528423309326172,46112
1.7915360927581787,1.1367731094360352,0.9336716532707214,2.527527093887329,46309
1.8012220859527588,1.137416958808899,0.9358287453651428,2.526466131210327,45981
1.8112714290618896,1.1382489204406738,0.9376009106636047,2.5256145000457764,46369
1.8213963508605957,1.138896107673645,0.9394293427467346,2.524662971496582,46317
1.8314273357391357,1.1395008563995361,0.9411582946777344,2.523746967315674,46376
1.8415148258209229,1.1401820182800293,0.9429366588592529,2.5227911472320557,46310
1.8523976802825928,1.140784502029419,0.9446244835853577,2.521833658218384,46384
1.8622667789459229,1.1415210962295532,0.9461978077888489,2.5208308696746826,46483
1.872161626815796,1.1420657634735107,0.9479812979698181,2.5197513103485107,46272
1.894484519958496,1.1428250074386597,0.9491463899612427,2.5189387798309326,47044
1.9005916118621826,1.1433513164520264,0.9506615996360779,2.517923593521118,46354
1.9034051895141602,1.1439208984375,0.9519768357276917,2.516951322555542,46654
1.911576747894287,1.1445740461349487,0.9533243179321289,2.5159637928009033,46657
1.9216175079345703,1.1451703310012817,0.9548275470733643,2.5149126052856445,46456
1.9308862686157227,1.1458303928375244,0.9559160470962524,2.513963222503662,46880
1.9409911632537842,1.1462349891662598,0.9572704434394836,2.512871026992798,46618
1.9512319564819336,1.1469686031341553,0.9582034349441528,2.5119550228118896,46991
1.9609975814819336,1.1474711894989014,0.959309458732605,2.510944128036499,46837
1.9753501415252686,1.1479387283325195,0.9604438543319702,2.5099196434020996,46782
1.9812183380126953,1.148530125617981,0.9613752365112305,2.508967399597168,46982
1.992006778717041,1.1490228176116943,0.9625461101531982,2.5079104900360107,46721
2.0012402534484863,1.149519443511963,0.9636384844779968,2.506864547729492,46786
2.0136821269989014,1.1500920057296753,0.9644935131072998,2.505859613418579,47029
2.0235002040863037,1.1504119634628296,0.9655069708824158,2.5047614574432373,46837
2.033658981323242,1.1508572101593018,0.9662637114524841,2.5037436485290527,47084
2.0411880016326904,1.1513292789459229,0.967110276222229,2.5026469230651855,47005
2.051224946975708,1.1519111394882202,0.9679955244064331,2.501518964767456,46940
2.061424732208252,1.1523548364639282,0.968727707862854,2.5004689693450928,47161
2.071479558944702,1.1528353691101074,0.9694163799285889,2.4994330406188965,47045
2.0816545486450195,1.1532649993896484,0.970084011554718,2.4983620643615723,47126
2.0910840034484863,1.1537532806396484,0.970741868019104,2.4972145557403564,47184
2.101407051086426,1.1541858911514282,0.9713780283927917,2.4961025714874268,47084
2.1148195266723633,1.1546045541763306,0.9719324111938477,2.495046377182007,47217
2.1221401691436768,1.1550711393356323,0.9724000692367554,2.494002103805542,47287
2.131138801574707,1.1554864645004272,0.9730402231216431,2.4927940368652344,47153
2.141342878341675,1.1558706760406494,0.97356778383255,2.4916632175445557,47163
2.1515605449676514,1.1562578678131104,0.97402024269104,2.490525960922241,47281
2.161498546600342,1.1566178798675537,0.9744483232498169,2.489382743835449,47295
2.1714138984680176,1.1569737195968628,0.9748738408088684,2.488234281539917,47288
2.1847927570343018,1.1573622226715088,0.9752403497695923,2.4870119094848633,47335
2.191333532333374,1.1577450037002563,0.9756373167037964,2.485830068588257,47301
2.2025022506713867,1.1581207513809204,0.9759992361068726,2.4847187995910645,47321
2.212435483932495,1.1584019660949707,0.9763425588607788,2.4835071563720703,47336
2.2223613262176514,1.1587637662887573,0.9766138792037964,2.482285976409912,47399
2.2315759658813477,1.1590728759765625,0.9768755435943604,2.481102466583252,47400
2.241154432296753,1.1594189405441284,0.9770955443382263,2.479968309402466,47437
2.2517242431640625,1.1597799062728882,0.9773467183113098,2.478708267211914,47396
2.2614517211914062,1.1601406335830688,0.9775034189224243,2.4774515628814697,47485
2.2723276615142822,1.1604300737380981,0.9776889085769653,2.476241111755371,47450
2.281615972518921,1.1607120037078857,0.9777590036392212,2.475058078765869,47561
2.293508529663086,1.16100013256073,0.9778671264648438,2.473797559738159,47516
2.301598310470581,1.1613030433654785,0.9779722690582275,2.472541332244873,47512
2.3116910457611084,1.1616089344024658,0.9780328869819641,2.4712531566619873,47550
2.3214094638824463,1.1618776321411133,0.9780879020690918,2.4699957370758057,47553
2.331576108932495,1.1621814966201782,0.9781151413917542,2.46871280670166,47574
2.341350793838501,1.162453055381775,0.9781267642974854,2.4674127101898193,47585
2.3511478900909424,1.1626774072647095,0.9781334400177002,2.4661266803741455,47584
2.36136794090271,1.162980079650879,0.9780936241149902,2.4648544788360596,47640
2.371320962905884,1.1632438898086548,0.9780118465423584,2.463522434234619,47667
2.383072853088379,1.1634399890899658,0.9778708815574646,2.462175130844116,47711
2.3912627696990967,1.1636645793914795,0.977820098400116,2.460874319076538,47626
2.4011480808258057,1.1639418601989746,0.9777124524116516,2.4595730304718018,47694
2.4109368324279785,1.1641286611557007,0.977643609046936,2.4581828117370605,47625
2.4215056896209717,1.1643505096435547,0.9774316549301147,2.4568631649017334,47785
2.4314608573913574,1.1645489931106567,0.9771474003791809,2.455519437789917,47852
2.4428069591522217,1.1647100448608398,0.9769815802574158,2.454160451889038,47735
2.451077461242676,1.1649165153503418,0.976751446723938,2.4528186321258545,47796
2.4610683917999268,1.1652286052703857,0.9764708280563354,2.4514200687408447,47848
2.4712328910827637,1.1654425859451294,0.9762052893638611,2.4500505924224854,47830
2.4812326431274414,1.1655621528625488,0.9759461283683777,2.448655843734741,47832
2.49100661277771,1.1657121181488037,0.9755913615226746,2.4472925662994385,47921
2.5013375282287598,1.1658716201782227,0.9752597808837891,2.4459228515625,47905
2.5153415203094482,1.1659640073776245,0.9749543070793152,2.4445433616638184,47872
2.525984525680542,1.1662224531173706,0.9746509194374084,2.4431240558624268,47867
2.531275749206543,1.1663589477539062,0.974378764629364,2.441683292388916,47847
2.5415477752685547,1.166426658630371,0.9740591645240784,2.440281867980957,47894
2.552197217941284,1.1665138006210327,0.9736163020133972,2.4388387203216553,48016
2.563000440597534,1.1665740013122559,0.9731519222259521,2.4373698234558105,48033
2.5710747241973877,1.166634202003479,0.9727676510810852,2.4359750747680664,47963
2.581188678741455,1.1666626930236816,0.9723792672157288,2.4345200061798096,47977
2.5913641452789307,1.1668028831481934,0.9719697833061218,2.4330191612243652,47987
2.6018476486206055,1.1668798923492432,0.9715369939804077,2.431563377380371,48026
2.6125361919403076,1.166948914527893,0.9710246324539185,2.430077075958252,48110
2.621612787246704,1.1669050455093384,0.970505952835083,2.42860746383667,48113
2.6312317848205566,1.1669541597366333,0.9699383974075317,2.4270691871643066,48203
2.6412899494171143,1.1669601202011108,0.969497561454773,2.4255940914154053,48028
2.651414632797241,1.1670364141464233,0.9690669775009155,2.424109935760498,48053
2.6626222133636475,1.1670119762420654,0.9686112403869629,2.4225220680236816,48079
2.67217755317688,1.1669931411743164,0.9681009650230408,2.421013355255127,48120
2.681410551071167,1.16683030128479,0.9675164222717285,2.4194769859313965,48219
2.693239212036133,1.1666994094848633,0.9669899344444275,2.4179024696350098,48185
2.701663017272949,1.1666454076766968,0.9664530158042908,2.416374683380127,48188
2.712392568588257,1.166701078414917,0.9658904075622559,2.4147584438323975,48173
2.7233176231384277,1.1665722131729126,0.9654505252838135,2.4131627082824707,48107
2.7315592765808105,1.1664443016052246,0.9649266600608826,2.411600351333618,48185
2.7412807941436768,1.1663053035736084,0.9643004536628723,2.410032033920288,48296
2.751081943511963,1.166029453277588,0.9636634588241577,2.408383369445801,48311
2.7611327171325684,1.165844202041626,0.9630612730979919,2.406785249710083,48302
2.771347761154175,1.1657590866088867,0.9624568223953247,2.4051637649536133,48312
2.7811148166656494,1.1656804084777832,0.9618383646011353,2.4035263061523438,48338
2.79111385345459,1.1655210256576538,0.9612597823143005,2.401899576187134,48307
2.8015222549438477,1.1653258800506592,0.9606863856315613,2.4002513885498047,48304
2.8115074634552,1.1651681661605835,0.9600259065628052,2.3986196517944336,48387
2.821366548538208,1.1649506092071533,0.9593421816825867,2.3969016075134277,48439
2.831566095352173,1.1646925210952759,0.9587090611457825,2.3952584266662598,48394
2.841196298599243,1.1645337343215942,0.9581007361412048,2.3935165405273438,48399
2.851372718811035,1.1644046306610107,0.9574685096740723,2.3917293548583984,48411
2.861114025115967,1.164122223854065,0.9568431973457336,2.390064001083374,48426
2.882376194000244,1.1639143228530884,0.9560726881027222,2.3883986473083496,48478
2.88893985748291,1.1635743379592896,0.9554610252380371,2.3864800930023193,48521
2.8921525478363037,1.163314700126648,0.9547296166419983,2.3848190307617188,48598
2.902132272720337,1.1630160808563232,0.9540719389915466,2.3830955028533936,48544
2.9116263389587402,1.1627368927001953,0.9534270763397217,2.381274700164795,48510
2.92128586769104,1.1625621318817139,0.9526151418685913,2.379582643508911,48693
2.9314143657684326,1.1621878147125244,0.9520124197006226,2.377767562866211,48447
2.9412245750427246,1.16185462474823,0.9513773918151855,2.3759570121765137,48559
2.9520885944366455,1.161544680595398,0.9506087899208069,2.374143362045288,48690
2.962284564971924,1.1612210273742676,0.9499088525772095,2.37239146232605,48630
2.971222400665283,1.160943627357483,0.9492458701133728,2.3705456256866455,48627
2.9808530807495117,1.1606272459030151,0.9485751390457153,2.3687119483947754,48639
2.9913456439971924,1.1604312658309937,0.9479245543479919,2.3669075965881348,48598
3.001199960708618,1.1600103378295898,0.9472854137420654,2.3650238513946533,48643
3.01129150390625,1.159743070602417,0.9465548992156982,2.363199234008789,48745
3.0209009647369385,1.159393310546875,0.9457887411117554,2.361304998397827,48816
3.0311176776885986,1.158981442451477,0.9450966119766235,2.359398365020752,48733
3.041372537612915,1.1587724685668945,0.9443498849868774,2.3576040267944336,48821
3.0513861179351807,1.1583759784698486,0.9437095522880554,2.3556079864501953,48781
3.061628580093384,1.1580928564071655,0.943051815032959,2.3537497520446777,48701
3.071331024169922,1.157760500907898,0.9423635005950928,2.351858139038086,48792
3.0812649726867676,1.1573259830474854,0.9416528940200806,2.3498616218566895,48830
3.0909488201141357,1.1569654941558838,0.9409302473068237,2.347979784011841,48861
3.1015443801879883,1.1566290855407715,0.9402304291725159,2.3460445404052734,48863
3.1125829219818115,1.1563700437545776,0.9396592974662781,2.343998432159424,48737
3.1220521926879883,1.1559950113296509,0.9391003847122192,2.342089891433716,48756
3.1312196254730225,1.1556354761123657,0.9384806156158447,2.340094566345215,48813
3.141286611557007,1.1551955938339233,0.9377902150154114,2.338129997253418,48895
3.1511926651000977,1.1547818183898926,0.9371232986450195,2.336228609085083,48896
3.1645736694335938,1.1543347835540771,0.9365180730819702,2.3341732025146484,48851
3.171600818634033,1.153912901878357,0.9359046816825867,2.332226276397705,48882
3.191112995147705,1.1535323858261108,0.9353559017181396,2.330242872238159,48849
3.1921069622039795,1.1530872583389282,0.9348140358924866,2.3282032012939453,48801
3.203195333480835,1.1526522636413574,0.9341745972633362,2.326201915740967,48947
3.2146432399749756,1.1521782875061035,0.9336017370223999,2.3242180347442627,48952
3.2214996814727783,1.1517515182495117,0.9330312609672546,2.3220841884613037,48842
3.2314469814300537,1.1513619422912598,0.9324886798858643,2.3200478553771973,48875
3.241523504257202,1.1509710550308228,0.9320002794265747,2.317898988723755,48855
3.2535932064056396,1.150522232055664,0.9314725995063782,2.315905809402466,48920
3.261239767074585,1.150107741355896,0.9308918118476868,2.313844680786133,48966
3.2712767124176025,1.1496386528015137,0.9303572177886963,2.311713218688965,48933
3.2814133167266846,1.1491761207580566,0.9297564625740051,2.3097176551818848,49021
3.29097056388855,1.1487700939178467,0.9292328953742981,2.3075599670410156,48967
3.3011138439178467,1.148423433303833,0.9286394715309143,2.305487871170044,49055
3.3149144649505615,1.1479005813598633,0.9282110333442688,2.303344964981079,48877
3.321126937866211,1.1474721431732178,0.927780032157898,2.3011744022369385,48917
3.332094669342041,1.1470799446105957,0.9272680282592773,2.2990970611572266,48996
3.34193754196167,1.1466755867004395,0.9268766045570374,2.2969071865081787,48871
3.3539741039276123,1.1461735963821411,0.9264482259750366,2.2948036193847656,48940
3.3638670444488525,1.1457314491271973,0.9259507656097412,2.2926530838012695,49029
3.374305248260498,1.1452580690383911,0.9255399107933044,2.290505886077881,48946
3.382512092590332,1.1448147296905518,0.925076961517334,2.288450241088867,49052
3.391448497772217,1.1444412469863892,0.9246151447296143,2.2862582206726074,48961
3.402418613433838,1.1439640522003174,0.9242259860038757,2.284221887588501,48954
3.415238857269287,1.1435165405273438,0.923804759979248,2.282078981399536,49088
3.4217700958251953,1.1429201364517212,0.9234885573387146,2.2798211574554443,48843
3.4315013885498047,1.1424223184585571,0.9231587648391724,2.277681350708008,48932
3.4414918422698975,1.1419676542282104,0.9228333234786987,2.275516986846924,48919
3.4518182277679443,1.1415963172912598,0.9224932789802551,2.273301124572754,48965
3.4615478515625,1.141159176826477,0.9221897721290588,2.271202802658081,48929
3.471191883087158,1.1407676935195923,0.9218613505363464,2.2689857482910156,48963
3.4812605381011963,1.140267014503479,0.921482264995575,2.2668797969818115,49054
3.4919705390930176,1.139770269393921,0.921184778213501,2.2646572589874268,48942
3.501549243927002,1.1393553018569946,0.9208377003669739,2.2625279426574707,49031
3.5113141536712646,1.1389344930648804,0.9206055402755737,2.2603631019592285,48906
3.52127742767334,1.1383167505264282,0.9203798770904541,2.2581028938293457,48927
3.5314245223999023,1.1379166841506958,0.9201174378395081,2.256032705307007,48982
3.541400194168091,1.137428879737854,0.9198596477508545,2.253818988800049,48974
3.5519168376922607,1.1369481086730957,0.9195536375045776,2.251713514328003,48995
3.5627071857452393,1.1364824771881104,0.9192342162132263,2.2495615482330322,49028
3.5714023113250732,1.1359580755233765,0.9192038774490356,2.2474048137664795,48754
3.5829062461853027,1.1356559991836548,0.9188770651817322,2.2452187538146973,49090
3.5911331176757812,1.1351866722106934,0.9187247157096863,2.243067502975464,48889
3.6017708778381348,1.1344982385635376,0.9186078906059265,2.2410435676574707,48898
3.6454784870147705,1.1341240406036377,0.9182632565498352,2.238945722579956,49112
3.654459238052368,1.1336305141448975,0.9180166721343994,2.236786365509033,48974
3.6625492572784424,1.1331634521484375,0.9178114533424377,2.234708547592163,49016
3.669139862060547,1.1327158212661743,0.9176809787750244,2.232607841491699,48934
3.6764636039733887,1.1322133541107178,0.9175373911857605,2.2304346561431885,48965
3.684950351715088,1.1317397356033325,0.9173938632011414,2.228372573852539,48932
3.6905460357666016,1.1312752962112427,0.9172648787498474,2.226285219192505,48962
3.6994946002960205,1.130745530128479,0.9170464277267456,2.224243402481079,49030
3.7070693969726562,1.1304000616073608,0.9168659448623657,2.2221720218658447,48995
3.714898109436035,1.1299901008605957,0.9167922139167786,2.2200989723205566,48935
3.72332763671875,1.1295514106750488,0.9166763424873352,2.2181167602539062,48973
3.7304799556732178,1.1290876865386963,0.9166618585586548,2.2160232067108154,48854
3.736778497695923,1.1285187005996704,0.9164319634437561,2.214019298553467,49133
3.745617628097534,1.128067970275879,0.9163466691970825,2.2120094299316406,48915
3.7519338130950928,1.1274830102920532,0.9162956476211548,2.209965229034424,48950
3.760964870452881,1.1271127462387085,0.916085422039032,2.2079930305480957,49074
3.771717071533203,1.1267205476760864,0.9160069823265076,2.206040143966675,48970
3.7810850143432617,1.1262180805206299,0.9160796999931335,2.204010486602783,48846
3.800957679748535,1.1257952451705933,0.9160232543945312,2.2020742893218994,49078
3.8050944805145264,1.1253347396850586,0.9159111380577087,2.199998378753662,48891
3.8114469051361084,1.1248977184295654,0.9158526062965393,2.198076009750366,48957
3.82475209236145,1.124437928199768,0.9158172607421875,2.1961536407470703,48961
3.8309454917907715,1.1241750717163086,0.915812611579895,2.194169521331787,48918
3.84075665473938,1.1237514019012451,0.9158536195755005,2.192230463027954,48876
3.851144790649414,1.1232143640518188,0.9159114956855774,2.190239429473877,48879
3.8610403537750244,1.1228312253952026,0.9158632755279541,2.188316583633423,48946
3.872227668762207,1.1223886013031006,0.9158991575241089,2.1863372325897217,48879
3.8814823627471924,1.1217867136001587,0.9159435629844666,2.1843924522399902,48919
3.8909530639648438,1.1213802099227905,0.9159079194068909,2.1824400424957275,48979
3.9013864994049072,1.1209101676940918,0.9160363674163818,2.180591583251953,48802
3.911947250366211,1.120627760887146,0.9160601496696472,2.178659200668335,48920
3.92189359664917,1.1202315092086792,0.916161060333252,2.176832914352417,48772
3.9312584400177,1.119866967201233,0.9161003828048706,2.1749377250671387,49002
3.9452481269836426,1.119430661201477,0.9161905646324158,2.173039197921753,48864
3.9537880420684814,1.119076132774353,0.9162117838859558,2.1712512969970703,48960
3.9610700607299805,1.1187255382537842,0.91639244556427,2.1693811416625977,48739
3.9726200103759766,1.118467926979065,0.9164848327636719,2.1675844192504883,48848
3.9814212322235107,1.1181414127349854,0.9164636731147766,2.165764331817627,48940
3.9914679527282715,1.1175546646118164,0.9165748953819275,2.1639883518218994,48825
4.00106954574585,1.1171751022338867,0.9166816473007202,2.1621744632720947,48834
4.0110626220703125,1.1166276931762695,0.9169495701789856,2.1603899002075195,48668
4.031058311462402,1.1163508892059326,0.9169400930404663,2.1586360931396484,49007
4.032581090927124,1.1159627437591553,0.9171103835105896,2.156909465789795,48690
4.045598030090332,1.11556077003479,0.9173168540000916,2.1550865173339844,48763
4.051675081253052,1.1151014566421509,0.9174802303314209,2.153365135192871,48746
4.060950756072998,1.1146668195724487,0.9176175594329834,2.1516196727752686,48791
4.071656703948975,1.1142627000808716,0.9176520109176636,2.149876594543457,48897
4.0816566944122314,1.1139397621154785,0.9176692962646484,2.1481821537017822,48890
4.091379404067993,1.1134365797042847,0.9179111123085022,2.146435260772705,48680
4.105451345443726,1.1131991147994995,0.9179875254631042,2.144662618637085,48872
4.111389636993408,1.112805962562561,0.9182116985321045,2.143010377883911,48694
4.121345520019531,1.1124693155288696,0.9182581901550293,2.14131498336792,48895
4.13238000869751,1.1120922565460205,0.9183025360107422,2.139629364013672,48853
4.142609119415283,1.1115840673446655,0.9184590578079224,2.137916088104248,48785
4.153016805648804,1.1111643314361572,0.9186522960662842,2.1362552642822266,48753
4.164355993270874,1.1108430624008179,0.9188494086265564,2.1345832347869873,48741
4.175294876098633,1.1104198694229126,0.9190102815628052,2.1328909397125244,48717
4.181262016296387,1.1100541353225708,0.9192028045654297,2.1313223838806152,48695
4.191935777664185,1.109423041343689,0.9193230271339417,2.1296298503875732,48817
4.201243162155151,1.1090508699417114,0.9194020628929138,2.128061056137085,48779
4.21113395690918,1.1085795164108276,0.919592022895813,2.126450300216675,48726
4.222418785095215,1.1080937385559082,0.9197813272476196,2.124784469604492,48762
4.233730792999268,1.1077287197113037,0.9198258519172668,2.1232218742370605,48852
4.242654323577881,1.1072964668273926,0.9200056791305542,2.1217408180236816,48716
4.252086162567139,1.1069316864013672,0.9201250076293945,2.1201581954956055,48814
4.262018442153931,1.1064887046813965,0.9201874732971191,2.1186084747314453,48853
4.270984649658203,1.1059608459472656,0.9205447435379028,2.1170127391815186,48564
4.281160354614258,1.1054472923278809,0.9206492900848389,2.1155200004577637,48744
4.290856599807739,1.1050574779510498,0.9207434058189392,2.114001989364624,48852
4.303549766540527,1.1046397686004639,0.9208219051361084,2.112492799758911,48820
4.322726488113403,1.104257583618164,0.9209889769554138,2.1110033988952637,48743
4.325359106063843,1.1036449670791626,0.9211434125900269,2.1094484329223633,48741
4.33512544631958,1.1031951904296875,0.9212599396705627,2.1079888343811035,48801
4.341338396072388,1.102749228477478,0.9213018417358398,2.1065268516540527,48830
4.351329326629639,1.1022562980651855,0.921432614326477,2.1050562858581543,48785
4.361055374145508,1.1018211841583252,0.9215671420097351,2.103538751602173,48833
4.3719353675842285,1.1013691425323486,0.9217250347137451,2.1021370887756348,48756
4.392085790634155,1.1010069847106934,0.9218552708625793,2.1007704734802246,48746
4.399556398391724,1.100450038909912,0.9221692681312561,2.0993504524230957,48586
4.40274453163147,1.099949598312378,0.9222444891929626,2.098007917404175,48830
4.411205768585205,1.0993062257766724,0.9223970174789429,2.0965380668640137,48726
4.42155647277832,1.0989713668823242,0.9225749969482422,2.095177412033081,48701
4.431398868560791,1.0984734296798706,0.9227348566055298,2.093846559524536,48733
4.441259860992432,1.0979522466659546,0.9229897260665894,2.092499017715454,48625
4.451298713684082,1.0973750352859497,0.9231815338134766,2.091139316558838,48668
4.460931062698364,1.0969010591506958,0.9233651161193848,2.08998966217041,48674
4.4712958335876465,1.0962828397750854,0.9234850406646729,2.088547945022583,48753
4.481234788894653,1.0956473350524902,0.9236544370651245,2.087231397628784,48691
4.491266489028931,1.0948768854141235,0.9238411784172058,2.085902214050293,48652
4.5015549659729,1.0941036939620972,0.9242197275161743,2.084566593170166,48488
4.51138162612915,1.093100666999817,0.9244366884231567,2.083183526992798,48601
4.521543264389038,1.0919760465621948,0.9246612191200256,2.0817952156066895,48555
4.531458139419556,1.090618371963501,0.9246735572814941,2.0804460048675537,48903
4.5413970947265625,1.0890889167785645,0.9249234795570374,2.079069137573242,48521
4.551191568374634,1.0879075527191162,0.9249784350395203,2.0776803493499756,48811
4.565963506698608,1.0863672494888306,0.9250085949897766,2.076268196105957,48794
4.572189092636108,1.0846692323684692,0.9251334071159363,2.074956178665161,48691
4.581913232803345,1.0828521251678467,0.9251507520675659,2.0735726356506348,48868
4.59137225151062,1.0811585187911987,0.9251083135604858,2.0721495151519775,48843
4.602217197418213,1.0789988040924072,0.9252347350120544,2.0707733631134033,48734
4.6121461391448975,1.0772731304168701,0.9249343276023865,2.069406032562256,49132
4.621363401412964,1.0753659009933472,0.9247255921363831,2.068082809448242,49026
4.6314802169799805,1.0728836059570312,0.9248936772346497,2.06656551361084,48759
4.642125129699707,1.0706250667572021,0.9247244596481323,2.065190553665161,49051
4.652091026306152,1.0682860612869263,0.9245077967643738,2.0638482570648193,49032
4.661247253417969,1.065516710281372,0.9243619441986084,2.0622851848602295,49028
4.672722816467285,1.062836766242981,0.9241995215415955,2.0608510971069336,49059
4.682502508163452,1.0597554445266724,0.9239276051521301,2.0594077110290527,49172
4.692155838012695,1.0566797256469727,0.9237603545188904,2.0577845573425293,49036
4.702636241912842,1.0532336235046387,0.9234883785247803,2.0562078952789307,49208
4.712253570556641,1.0498186349868774,0.9232082366943359,2.0547008514404297,49176
4.732621192932129,1.0460505485534668,0.9229201674461365,2.053123712539673,49188
4.734866380691528,1.0421099662780762,0.9225549697875977,2.0515213012695312,49327
4.746007442474365,1.0381144285202026,0.9222688674926758,2.04992413520813,49197
4.751917123794556,1.0339195728302002,0.921872615814209,2.048429489135742,49374
4.761680603027344,1.02922523021698,0.9217354655265808,2.0467021465301514,49066
4.771330833435059,1.0250056982040405,0.9211548566818237,2.045198440551758,49559
4.781282424926758,1.020256519317627,0.9209511876106262,2.0435791015625,49093
4.791300296783447,1.0155075788497925,0.9204534888267517,2.0419814586639404,49552
4.801431894302368,1.010441541671753,0.920159637928009,2.04030179977417,49251
4.811014652252197,1.0053510665893555,0.919604480266571,2.038709878921509,49578
4.821004152297974,0.999944806098938,0.9194112420082092,2.036959409713745,49196
4.832090854644775,0.9945765733718872,0.919056236743927,2.035353422164917,49391
4.841021776199341,0.989260733127594,0.9187049865722656,2.0337440967559814,49327
4.851222038269043,0.9836405515670776,0.9183724522590637,2.0320706367492676,49321
4.86214017868042,0.9778577089309692,0.9180154204368591,2.030381679534912,49405
4.871137380599976,0.97198486328125,0.9174969792366028,2.028740167617798,49521
4.891155958175659,0.9658145308494568,0.9171431064605713,2.0270681381225586,49386
4.894484996795654,0.9596151113510132,0.916875422000885,2.025283098220825,49350
4.900887966156006,0.9534559845924377,0.9163786172866821,2.0236616134643555,49551
4.911138534545898,0.947086751461029,0.9160517454147339,2.021925926208496,49331
4.92164158821106,0.9403626322746277,0.9157168865203857,2.020301342010498,49442
4.931134939193726,0.9338307976722717,0.9152866005897522,2.0186398029327393,49501
4.941235542297363,0.9270883202552795,0.9148151874542236,2.0170063972473145,49541
4.952652215957642,0.9202475547790527,0.9142968654632568,2.015394926071167,49627
4.961006164550781,0.913232684135437,0.9140862226486206,2.013772487640381,49296
4.971035480499268,0.9061115384101868,0.9137826561927795,2.0121495723724365,49477
4.981440544128418,0.8989214301109314,0.9134313464164734,2.0106351375579834,49387
4.991719007492065,0.8917696475982666,0.9130787253379822,2.009032726287842,49498
5.0012640953063965,0.8844887018203735,0.9126391410827637,2.0075864791870117,49565
5.011051177978516,0.8770435452461243,0.9123445749282837,2.0059707164764404,49426
5.0210607051849365,0.8695390820503235,0.9120402336120605,2.0045018196105957,49460
5.031512260437012,0.8620662689208984,0.911798357963562,2.003067970275879,49359
5.041663885116577,0.8544067740440369,0.9116160869598389,2.0016250610351562,49360
5.051530838012695,0.846677839756012,0.9111838936805725,2.000215768814087,49551
5.061614513397217,0.8388830423355103,0.9109541177749634,1.998903751373291,49412
5.071422576904297,0.8311390280723572,0.9106494188308716,1.9975595474243164,49518
5.082199811935425,0.8231870532035828,0.9104203581809998,1.9962462186813354,49384
5.091227769851685,0.8152936697006226,0.9101914167404175,1.9949963092803955,49433
5.102260589599609,0.807436466217041,0.9100397229194641,1.9937641620635986,49332
5.111682415008545,0.7992801070213318,0.909753143787384,1.9925973415374756,49473
5.122159719467163,0.7910302877426147,0.9096770882606506,1.9914103746414185,49260
5.1318583488464355,0.7829166054725647,0.9093728065490723,1.9903641939163208,49564
5.142244815826416,0.7747119665145874,0.9090421795845032,1.989305853843689,49478
5.152749300003052,0.766605019569397,0.9088809490203857,1.9882804155349731,49432
5.162166118621826,0.7583433389663696,0.9086132049560547,1.9873217344284058,49531
5.171485900878906,0.7500511407852173,0.9083805084228516,1.9864349365234375,49433
5.181454181671143,0.7418396472930908,0.9082673788070679,1.9853817224502563,49409
5.191880226135254,0.7333506345748901,0.9081668257713318,1.9846335649490356,49371
5.201348543167114,0.725049614906311,0.9079576134681702,1.9837390184402466,49471
5.211910247802734,0.7166948318481445,0.9077857136726379,1.9830365180969238,49376
5.2211527824401855,0.7081652283668518,0.9075705409049988,1.9823858737945557,49525
5.241102695465088,0.6998663544654846,0.9075936675071716,1.9817557334899902,49269
5.244315147399902,0.6914909482002258,0.9075368046760559,1.9811944961547852,49363
5.251589059829712,0.6830969452857971,0.9074003100395203,1.9806979894638062,49365
5.2616918087005615,0.6746668815612793,0.9071804881095886,1.9802783727645874,49531
5.2721967697143555,0.6661449074745178,0.9071174263954163,1.9798550605773926,49367
5.281397342681885,0.6575508117675781,0.9071179032325745,1.9795085191726685,49329
5.2911365032196045,0.6492891907691956,0.9071010947227478,1.9791823625564575,49311
5.3011956214904785,0.6409634351730347,0.9070159196853638,1.978901982307434,49424
5.311022520065308,0.6325892806053162,0.9069562554359436,1.9787834882736206,49352
5.321321964263916,0.6241427063941956,0.9069077372550964,1.9787306785583496,49371
5.331398248672485,0.6156642436981201,0.9067776203155518,1.978659987449646,49453
5.341391324996948,0.6072828769683838,0.9067344069480896,1.9787425994873047,49428
5.351205110549927,0.5989250540733337,0.9066658020019531,1.978821039199829,49435
5.361348390579224,0.5907387137413025,0.906499981880188,1.97900390625,49513
5.371485471725464,0.5825893878936768,0.9063975214958191,1.9791125059127808,49477
5.3818089962005615,0.5742795467376709,0.9063867330551147,1.9792999029159546,49450
5.391395568847656,0.5660958290100098,0.9062128663063049,1.9796857833862305,49566
5.401254415512085,0.5577059388160706,0.9061734676361084,1.9799505472183228,49419
5.412092685699463,0.5496354103088379,0.9060112237930298,1.9803262948989868,49595
5.421403169631958,0.5413370728492737,0.9058067202568054,1.9807547330856323,49615
5.430959463119507,0.5334264039993286,0.9055860042572021,1.9813183546066284,49674
5.4415810108184814,0.5254655480384827,0.9053521156311035,1.9817581176757812,49716
5.45130181312561,0.5173536539077759,0.905218780040741,1.9824436902999878,49620
5.461764812469482,0.5093923807144165,0.9051660299301147,1.9829984903335571,49569
5.471175193786621,0.5013659000396729,0.9048178791999817,1.9838571548461914,49834
5.481577396392822,0.4932912588119507,0.9049102663993835,1.9846268892288208,49496
5.492122650146484,0.48595747351646423,0.9045071601867676,1.9853137731552124,49841
5.501830816268921,0.4781145453453064,0.9044615030288696,1.986319661140442,49514
5.511615991592407,0.4704388976097107,0.9044669270515442,1.9871467351913452,49594
5.52106499671936,0.4627993404865265,0.9042231440544128,1.9882032871246338,49757
5.53121018409729,0.45501402020454407,0.9040477871894836,1.9891729354858398,49675
5.541243076324463,0.4474850296974182,0.9039776921272278,1.9902516603469849,49658
5.552541255950928,0.44005918502807617,0.903765857219696,1.991328239440918,49786
5.5610315799713135,0.4327424466609955,0.9036306142807007,1.992491602897644,49666
5.57209849357605,0.42542722821235657,0.9035625457763672,1.993751883506775,49666
5.581177473068237,0.4180586040019989,0.903499960899353,1.995055079460144,49658
5.592052698135376,0.4106179177761078,0.9035355448722839,1.9963383674621582,49553
5.601129770278931,0.40357378125190735,0.9029676914215088,1.9976766109466553,50160
5.611279726028442,0.39638441801071167,0.9030604958534241,1.9991936683654785,49490
5.621297597885132,0.3892506957054138,0.9030900001525879,2.000699520111084,49687
5.631277322769165,0.3821988105773926,0.9029550552368164,2.0021138191223145,49687
5.641070127487183,0.37534573674201965,0.9025668501853943,2.003680467605591,49996
5.6512227058410645,0.3683251440525055,0.9026957750320435,2.005326747894287,49523
5.661188364028931,0.36143770813941956,0.9025087356567383,2.0071160793304443,49926
5.671423673629761,0.35474058985710144,0.9021479487419128,2.0087807178497314,49951
5.6822075843811035,0.34792742133140564,0.9020848870277405,2.0105409622192383,49751
5.691021919250488,0.3413984477519989,0.9019050002098083,2.01235294342041,49935
5.701232433319092,0.3349579870700836,0.9018494486808777,2.014315605163574,49752
5.7111594676971436,0.3284260928630829,0.9017191529273987,2.016336679458618,49852
5.72234034538269,0.32200855016708374,0.9015933871269226,2.018197536468506,49804
5.73202919960022,0.3155336081981659,0.9016584753990173,2.020364999771118,49663
5.741048336029053,0.3093058466911316,0.9014501571655273,2.0224130153656006,49949
5.751530647277832,0.3031228482723236,0.9013206362724304,2.0246245861053467,49791
5.762342691421509,0.29699262976646423,0.9014857411384583,2.0269501209259033,49602
5.771328449249268,0.2910889983177185,0.9011754989624023,2.0291407108306885,50021
5.781580924987793,0.2851092219352722,0.9013304710388184,2.0314810276031494,49516
5.791601657867432,0.2794187366962433,0.9008830189704895,2.0338728427886963,50258
5.801925420761108,0.2734776437282562,0.9008683562278748,2.0363402366638184,49718
5.812292098999023,0.26786866784095764,0.9006307125091553,2.0387680530548096,50135
5.821177005767822,0.26224708557128906,0.9006386995315552,2.0412092208862305,49732
5.832260847091675,0.25688856840133667,0.9005473852157593,2.0437545776367188,49887
5.840952157974243,0.2514392137527466,0.9005675911903381,2.046323776245117,49746
5.851378679275513,0.24609915912151337,0.900445818901062,2.0488786697387695,49942
5.86199688911438,0.24075420200824738,0.9004150629043579,2.051562786102295,49796
5.871627569198608,0.23561111092567444,0.9002867937088013,2.054286003112793,49918
5.881166458129883,0.23047329485416412,0.9002838134765625,2.0570149421691895,49786
5.891335964202881,0.22563998401165009,0.9002482295036316,2.0597503185272217,49850
5.901078224182129,0.2209969460964203,0.8999561071395874,2.0626749992370605,50061
5.9120564460754395,0.21607786417007446,0.8999503254890442,2.065516948699951,49822
5.921951055526733,0.21142028272151947,0.8997399806976318,2.0684380531311035,50107
5.931413650512695,0.2067408412694931,0.899642288684845,2.071341037750244,49875
5.941426515579224,0.20218417048454285,0.8995410799980164,2.074312448501587,49991
5.9512786865234375,0.19774794578552246,0.899500846862793,2.077378988265991,49898
5.963287115097046,0.193428173661232,0.8993977308273315,2.080400228500366,49953
5.971190452575684,0.18912085890769958,0.8993270397186279,2.0833656787872314,49931
5.981236934661865,0.1849912405014038,0.8990685343742371,2.0867600440979004,50141
5.991252899169922,0.18069159984588623,0.899054229259491,2.0899460315704346,49930
6.0110063552856445,0.17675933241844177,0.8987686038017273,2.0932300090789795,50192
6.01191782951355,0.17266421020030975,0.8988969326019287,2.0962581634521484,49651
6.0211262702941895,0.16899819672107697,0.8986549973487854,2.09954833984375,50178
6.030935764312744,0.16514742374420166,0.898716390132904,2.1032395362854004,49799
6.0609471797943115,0.16166290640830994,0.8984523415565491,2.1063296794891357,50215
6.061578750610352,0.15806101262569427,0.8981861472129822,2.1096513271331787,50076
6.066001892089844,0.15460851788520813,0.8979917168617249,2.1131443977355957,50010
6.071983814239502,0.15118414163589478,0.8979010581970215,2.1166508197784424,50187
6.082778215408325,0.1480901837348938,0.8975800275802612,2.120192050933838,50272
6.09138298034668,0.14468717575073242,0.8976936936378479,2.123986005783081,49793
6.101825475692749,0.14180760085582733,0.8973990082740784,2.127366542816162,50239
6.110985994338989,0.13881634175777435,0.8973671197891235,2.1309094429016113,49994
6.120813846588135,0.1359906643629074,0.8969936370849609,2.1346447467803955,50332
6.131430149078369,0.1331975907087326,0.8968231081962585,2.1382880210876465,50117
6.141106843948364,0.13042593002319336,0.896665096282959,2.1421291828155518,50251
6.150843620300293,0.12769140303134918,0.896928071975708,2.1458113193511963,49651
6.160740613937378,0.12535591423511505,0.8965931534767151,2.149651527404785,50302
6.171016216278076,0.12289459258317947,0.8965131044387817,2.1536126136779785,50043
6.181427240371704,0.12052032351493835,0.896339476108551,2.1572868824005127,50128
6.19490647315979,0.1179896891117096,0.8965606093406677,2.161564350128174,49757
6.203275442123413,0.11593814194202423,0.8964785933494568,2.1653430461883545,50077
6.2118940353393555,0.11394736915826797,0.8961641788482666,2.1691768169403076,50218
6.221091032028198,0.11184092611074448,0.8962016105651855,2.1731114387512207,49932
6.23117995262146,0.11010439693927765,0.8961576819419861,2.1770081520080566,50097
6.241911888122559,0.108350470662117,0.8959069848060608,2.181279420852661,50221
6.261324405670166,0.10658015310764313,0.8958722949028015,2.1852974891662598,50135
6.263169288635254,0.1046643853187561,0.8961991667747498,2.1892900466918945,49616
6.271510601043701,0.10323528945446014,0.8959563374519348,2.1935794353485107,50265
6.281184196472168,0.10184703767299652,0.8960140347480774,2.197669506072998,49828
6.291727781295776,0.10038262605667114,0.8960973024368286,2.201702833175659,49964
6.300771951675415,0.09909646958112717,0.896136462688446,2.205932140350342,49911
6.312063217163086,0.0980134829878807,0.8961061835289001,2.210434675216675,50013
6.32197642326355,0.09666824340820312,0.8962756395339966,2.214479446411133,49801
6.331103086471558,0.09544910490512848,0.8966292142868042,2.2188405990600586,49663
6.341205358505249,0.0947345569729805,0.8962001204490662,2.223301649093628,50367
6.352154731750488,0.09374266862869263,0.8966113924980164,2.227346658706665,49612
6.360824108123779,0.09298573434352875,0.896701991558075,2.231459379196167,49901
6.381105422973633,0.09241758286952972,0.8967851996421814,2.2360575199127197,49798
6.3920464515686035,0.09161894023418427,0.8967982530593872,2.2402615547180176,49930
6.394338846206665,0.09091027081012726,0.8968861103057861,2.2446045875549316,49893
6.402149677276611,0.09046041965484619,0.89693683385849,2.24902081489563,49962
6.411226987838745,0.09007871896028519,0.8971793055534363,2.253412961959839,49718
6.431031227111816,0.08961755782365799,0.8977706432342529,2.2579798698425293,49325
6.431866884231567,0.08952079713344574,0.8978464007377625,2.2624123096466064,49905
6.44109845161438,0.08948349952697754,0.8978829383850098,2.2670438289642334,49774
6.4509968757629395,0.08873248100280762,0.8988721966743469,2.27136492729187,48963
6.461030960083008,0.08894376456737518,0.8988510370254517,2.2757606506347656,49974
6.471041679382324,0.0891108587384224,0.8989379405975342,2.2803561687469482,49637
6.481151342391968,0.08908893913030624,0.8994887471199036,2.2846972942352295,49395
6.498066663742065,0.08922138810157776,0.8999926447868347,2.2891032695770264,49416
6.502904653549194,0.08956040441989899,0.9001616835594177,2.2937397956848145,49602
6.5108747482299805,0.08963986486196518,0.9007409811019897,2.2983286380767822,49216
6.531131267547607,0.08996038883924484,0.9012148976325989,2.302652359008789,49231
6.541472911834717,0.09061078727245331,0.9012398719787598,2.307166814804077,49924
6.543096303939819,0.09111638367176056,0.9017764925956726,2.3117005825042725,49407
6.561068534851074,0.09165281802415848,0.9024326801300049,2.316037893295288,48918
6.822525978088379,0.09246697276830673,0.902764618396759,2.320625066757202,49400
6.826543569564819,0.1143919974565506,0.9151148796081543,2.3973307609558105,42000
6.833157062530518,0.1162821501493454,0.9163088798522949,2.4020421504974365,48537
6.839514493942261,0.11856741458177567,0.9169902801513672,2.40677809715271,49042
6.845914840698242,0.12056846916675568,0.9182050824165344,2.4113011360168457,48494
6.851570129394531,0.12278757989406586,0.9192081093788147,2.415912628173828,48693
6.857056379318237,0.1250891387462616,0.9200794100761414,2.4204423427581787,48815
6.863101005554199,0.12755490839481354,0.9207146167755127,2.4249777793884277,49044
6.868795156478882,0.12997910380363464,0.9218812584877014,2.4297468662261963,44657
6.8751912117004395,0.13265050947666168,0.9229097366333008,2.4343035221099854,48567
6.880804538726807,0.13531655073165894,0.9239453077316284,2.4389445781707764,48547
6.993513345718384,0.1533099114894867,0.9302855134010315,2.466581344604492,42000
6.99519681930542,0.15990129113197327,0.9320945739746094,2.4758262634277344,47620
7.003173112869263,0.16285137832164764,0.9335629343986511,2.4805452823638916,47941
7.008586883544922,0.1661885529756546,0.9346393346786499,2.4851348400115967,48319
7.0149245262146,0.16959914565086365,0.9356058835983276,2.4898266792297363,48417
7.020657539367676,0.17335838079452515,0.9362460970878601,2.4943931102752686,48736
7.027427673339844,0.17676138877868652,0.9373257756233215,2.4991750717163086,46205
7.033050775527954,0.18047164380550385,0.9380804300308228,2.503540277481079,48567
7.039198637008667,0.1835327297449112,0.939784049987793,2.5082340240478516,47595
7.045747756958008,0.18713830411434174,0.9408878684043884,2.5128798484802246,48180
7.05132794380188,0.19105030596256256,0.9413086771965027,2.5182220935821533,48509
7.056760787963867,0.19500520825386047,0.9421557784080505,2.5222244262695312,48416
7.06258225440979,0.19866272807121277,0.9430469870567322,2.527665376663208,46684
7.0681657791137695,0.20213627815246582,0.9444716572761536,2.531571865081787,47783
7.07361912727356,0.20566754043102264,0.9459022879600525,2.5362472534179688,47757
7.079338788986206,0.20944899320602417,0.9466453790664673,2.5408592224121094,48435
7.084477186203003,0.2134111076593399,0.9474127888679504,2.5458316802978516,48091
7.09050726890564,0.21705277264118195,0.9484715461730957,2.5502736568450928,47637
7.095731019973755,0.22065016627311707,0.9498196840286255,2.5548362731933594,47197
7.101776361465454,0.2249956578016281,0.9500759243965149,2.5601751804351807,48857
7.1070849895477295,0.2282283753156662,0.9519090056419373,2.564347743988037,46838
7.113867521286011,0.23234595358371735,0.9523823857307434,2.569000005722046,48246
7.119070291519165,0.23642486333847046,0.952610969543457,2.5741662979125977,48839
7.124513149261475,0.23980925977230072,0.954334557056427,2.578143358230591,47255
7.131216287612915,0.24337884783744812,0.9555614590644836,2.5832040309906006,47794
7.141077756881714,0.24796664714813232,0.9553277492523193,2.5883963108062744,49009
7.1519529819488525,0.25143441557884216,0.9568029046058655,2.5922813415527344,47335
7.161376714706421,0.255094438791275,0.957694947719574,2.596907138824463,48178
7.171252965927124,0.25882020592689514,0.958557665348053,2.601577043533325,47944
7.18140172958374,0.2628272473812103,0.9589411020278931,2.6062216758728027,48462
7.201519727706909,0.26686304807662964,0.9593403339385986,2.611757516860962,48484
7.2059547901153564,0.26990458369255066,0.9612494111061096,2.615523338317871,47028
7.212218284606934,0.2734369933605194,0.9622913002967834,2.6200637817382812,47921
7.231609344482422,0.27715614438056946,0.9631159901618958,2.6247363090515137,47676
7.241227865219116,0.28175950050354004,0.9631254076957703,2.6300442218780518,48898
7.241995334625244,0.28473183512687683,0.964185893535614,2.6339657306671143,47832
7.261350870132446,0.2881162464618683,0.965357780456543,2.6386168003082275,47736
7.271327018737793,0.29172375798225403,0.9661791324615479,2.6432693004608154,47916
7.273966312408447,0.2958555221557617,0.9664907455444336,2.648118734359741,48547
7.281326055526733,0.29967036843299866,0.9670281410217285,2.6526942253112793,48175
7.291316509246826,0.3030445873737335,0.9682665467262268,2.657133102416992,47619
7.361755132675171,0.306308388710022,0.9693313241004944,2.661729335784912,47645
7.363103628158569,0.3101179301738739,0.9696668982505798,2.666414499282837,48476
7.369243621826172,0.3138943016529083,0.9703012704849243,2.6713311672210693,48168
7.375600337982178,0.31720802187919617,0.9712690711021423,2.675257921218872,47821
7.381833076477051,0.32066085934638977,0.9721907377243042,2.6797096729278564,47854
7.391615390777588,0.32393020391464233,0.973086953163147,2.6841084957122803,47867
7.3962719440460205,0.3286037743091583,0.9723289012908936,2.6889169216156006,49474
7.411627292633057,0.33271539211273193,0.9730905890464783,2.6933295726776123,48117
7.415165901184082,0.3344847857952118,0.9751086235046387,2.69730806350708,46718
7.420689105987549,0.3378346562385559,0.975921094417572,2.7018234729766846,47912
7.426333665847778,0.3419162631034851,0.9751904606819153,2.706275224685669,49466
7.4313130378723145,0.34611374139785767,0.9762719869613647,2.7108983993530273,47639
7.436732769012451,0.34877270460128784,0.9773964285850525,2.714949131011963,47576
7.441862344741821,0.35164499282836914,0.9786390662193298,2.7194693088531494,47217
7.451760768890381,0.35523462295532227,0.9783427715301514,2.7233779430389404,49105
7.455429792404175,0.3587082028388977,0.9789032936096191,2.7278194427490234,48121
7.461416721343994,0.3616879880428314,0.9804977774620056,2.7323038578033447,47158
7.471132755279541,0.36510705947875977,0.9806784987449646,2.7367730140686035,48492
7.480736017227173,0.36831149458885193,0.9817730784416199,2.7410056591033936,47464
7.490962505340576,0.3722061514854431,0.9812406301498413,2.744868516921997,49245
7.502000093460083,0.37578076124191284,0.9826045632362366,2.749608278274536,47223
7.511284351348877,0.3779778480529785,0.9840916395187378,2.753650188446045,47307
7.5220184326171875,0.38115358352661133,0.9848958253860474,2.7578351497650146,42000
7.542422771453857,0.3844345510005951,0.9854850769042969,2.761976480484009,48453
7.544466972351074,0.3878239095211029,0.9862154126167297,2.7667362689971924,48453
7.551575422286987,0.3912184536457062,0.9867041707038879,2.7709195613861084,48453
7.56137752532959,0.3939685523509979,0.9875578284263611,2.774266242980957,48453
7.581906080245972,0.3979150652885437,0.9881469011306763,2.7788891792297363,48453
7.588089942932129,0.4012773036956787,0.9886200428009033,2.7836437225341797,48453
7.596573352813721,0.4039844274520874,0.9890657663345337,2.7868447303771973,48453
7.602774620056152,0.4069971740245819,0.9899581670761108,2.791318655014038,48453
7.613923788070679,0.4102090299129486,0.9899560809135437,2.7946479320526123,48453
7.622173547744751,0.4123688042163849,0.9914342164993286,2.7981550693511963,48453
7.631720542907715,0.41645684838294983,0.9916571378707886,2.8031351566314697,48453
7.641502380371094,0.4187500774860382,0.9922066330909729,2.8062503337860107,48453
7.65148663520813,0.4216042160987854,0.9927975535392761,2.8102543354034424,48453
7.662304639816284,0.42459186911582947,0.993445098400116,2.814250946044922,48453
7.671877145767212,0.4277561902999878,0.9937724471092224,2.8181614875793457,48453
7.68120551109314,0.4315452575683594,0.9934813380241394,2.82230544090271,48453
7.701215982437134,0.43340423703193665,0.9950745701789856,2.8252196311950684,48453
7.704086780548096,0.4360313415527344,0.99569171667099,2.8289902210235596,48453
7.713009834289551,0.4391605257987976,0.9963436126708984,2.8330652713775635,48453
7.721344947814941,0.44178804755210876,0.9969211220741272,2.8369147777557373,48453
7.731549024581909,0.4450778067111969,0.9971886277198792,2.8403682708740234,48453
7.742202997207642,0.44768431782722473,0.9979848861694336,2.843954086303711,48453
7.7517383098602295,0.450608491897583,0.9985629320144653,2.847579002380371,48453
7.76121711730957,0.45305201411247253,0.9992421865463257,2.851032257080078,48453
7.772391319274902,0.4560135006904602,0.99993896484375,2.8549087047576904,48453
7.782400369644165,0.4599311053752899,0.9990164041519165,2.8584892749786377,48453
7.792011022567749,0.4617628753185272,1.000909686088562,2.8616631031036377,48453
7.806683301925659,0.4641660451889038,1.0016335248947144,2.8651018142700195,48453
7.812330484390259,0.46703800559043884,1.0022730827331543,2.8686137199401855,48453
7.821581602096558,0.46951600909233093,1.0029164552688599,2.8719677925109863,48453
7.831338882446289,0.4727489948272705,1.0031136274337769,2.8754758834838867,48453
7.8411805629730225,0.4749162495136261,1.0040059089660645,2.878587245941162,48453
7.8514018058776855,0.4775395095348358,1.0047218799591064,2.88196063041687,48453
7.862809181213379,0.48016098141670227,1.0054916143417358,2.8852479457855225,48453
7.871243715286255,0.4827252924442291,1.005822777748108,2.8886985778808594,48453
7.881537914276123,0.48521095514297485,1.0068567991256714,2.8917999267578125,48453
7.890870809555054,0.48777079582214355,1.0071356296539307,2.895059108734131,48453
7.901439666748047,0.49054741859436035,1.0079619884490967,2.8981940746307373,42000
7.911081314086914,0.4928145408630371,1.0087164640426636,2.9013452529907227,47677
7.921039581298828,0.4955970048904419,1.0093636512756348,2.9045674800872803,47763
7.931230306625366,0.4978455603122711,1.0100494623184204,2.9076485633850098,47712
7.941192865371704,0.5006197094917297,1.0106323957443237,2.9107558727264404,47824
7.951988935470581,0.5029079914093018,1.0112425088882446,2.913784980773926,47779
7.961268901824951,0.5054909586906433,1.0117266178131104,2.9167425632476807,47924
7.971470355987549,0.5079340934753418,1.012352466583252,2.9197463989257812,47763
7.981233835220337,0.5101836323738098,1.0128811597824097,2.9226598739624023,47865
7.9911110401153564,0.5127099752426147,1.0135465860366821,2.925647735595703,47727
8.00130033493042,0.5149374008178711,1.014087438583374,2.9286255836486816,47830
8.01171088218689,0.5178443789482117,1.0144727230072021,2.9314963817596436,47996
8.021259546279907,0.5200162529945374,1.01505708694458,2.934291362762451,47786
8.031164169311523,0.5223671197891235,1.015619158744812,2.9372293949127197,47937
8.041117906570435,0.5246190428733826,1.0161641836166382,2.940020799636841,47717
8.051065683364868,0.5268462300300598,1.0166022777557373,2.942798376083374,47930
8.061210870742798,0.5290544033050537,1.0172414779663086,2.945460081100464,47724
8.071250438690186,0.5314708948135376,1.017398715019226,2.9482409954071045,48204
8.081082105636597,0.5339736342430115,1.0179311037063599,2.950982093811035,47829
8.0910005569458,0.5360239744186401,1.0184541940689087,2.953673839569092,47844
8.101140975952148,0.5382804870605469,1.018725872039795,2.9565207958221436,48096
8.111111879348755,0.5404747724533081,1.0194456577301025,2.958960771560669,47633
8.121057987213135,0.5427234172821045,1.019928216934204,2.961688280105591,47871
8.131159782409668,0.5451352596282959,1.0200982093811035,2.964240550994873,48188
8.141800880432129,0.5471482872962952,1.020625114440918,2.9668517112731934,47830
8.151332139968872,0.5494208335876465,1.020824670791626,2.9694762229919434,48155
8.161168575286865,0.5514391660690308,1.0215473175048828,2.971923828125,47621
8.171207189559937,0.553519070148468,1.02200186252594,2.9743807315826416,47890
8.1810622215271,0.555761992931366,1.0224581956863403,2.976903200149536,47891
8.192065715789795,0.5579406023025513,1.0225838422775269,2.9793198108673096,48213
8.201007843017578,0.56001216173172,1.0228582620620728,2.9817144870758057,48079
8.211759567260742,0.5621844530105591,1.0235371589660645,2.9841184616088867,47660
8.220969438552856,0.5641107559204102,1.0239578485488892,2.986492872238159,47914
8.231129884719849,0.5661525130271912,1.0242927074432373,2.988894462585449,48017
8.240925550460815,0.5681300163269043,1.02461838722229,2.9912242889404297,48009
8.251041173934937,0.5701420307159424,1.0249241590499878,2.993577718734741,48033
8.262441873550415,0.5721636414527893,1.0252580642700195,2.9958860874176025,47995
8.272671699523926,0.573997437953949,1.0256013870239258,2.9980812072753906,48149
8.281253814697266,0.575986921787262,1.02583909034729,3.00042986869812,47958
8.291561365127563,0.5778877139091492,1.0263867378234863,3.002664089202881,47769
8.311435461044312,0.5797141194343567,1.0267419815063477,3.004815101623535,48237
8.314117193222046,0.5816276669502258,1.0269662141799927,3.0070388317108154,47879
8.32123613357544,0.5835841298103333,1.0270755290985107,3.009192943572998,48232
8.331403970718384,0.5853620171546936,1.0274075269699097,3.011420965194702,48002
8.341914892196655,0.5871978998184204,1.0277650356292725,3.0135631561279297,47966
8.352043390274048,0.588932991027832,1.0281511545181274,3.015672206878662,47949
8.361069202423096,0.5907889008522034,1.0284569263458252,3.017864465713501,48041
8.371827602386475,0.592526912689209,1.0288246870040894,3.019878625869751,47970
8.381128549575806,0.594448983669281,1.0287940502166748,3.0219950675964355,48383
8.402267694473267,0.5961661338806152,1.029036283493042,3.0240478515625,48322
8.404720783233643,0.5978682041168213,1.0293434858322144,3.026050567626953,47787
8.411522388458252,0.5995413064956665,1.0296616554260254,3.0281121730804443,48021
8.421514511108398,0.6011562943458557,1.029923915863037,3.03005313873291,48087
8.431595087051392,0.6028640866279602,1.0300153493881226,3.0320935249328613,48256
8.441232204437256,0.6045511960983276,1.0303338766098022,3.0340206623077393,48020
8.451409339904785,0.6061801314353943,1.030438780784607,3.035888910293579,48233
8.461642265319824,0.607779860496521,1.0306299924850464,3.037846326828003,48307
8.471935272216797,0.6094245314598083,1.0309293270111084,3.039701461791992,47894
8.48138427734375,0.6109081506729126,1.0311955213546753,3.04158878326416,48098
8.491445541381836,0.612536609172821,1.0314135551452637,3.043529510498047,48145
8.501330852508545,0.6140071153640747,1.0317004919052124,3.0453286170959473,48076
8.511398077011108,0.6156201958656311,1.0317809581756592,3.047220230102539,48284
8.522102117538452,0.6170950531959534,1.0318214893341064,3.0490145683288574,48320
8.541069746017456,0.6187316179275513,1.03171968460083,3.0508697032928467,48706
8.543115615844727,0.6200777292251587,1.0322649478912354,3.0525503158569336,47549
8.552656412124634,0.6214404106140137,1.032544493675232,3.0542662143707275,48091
8.56133246421814,0.6228357553482056,1.0327448844909668,3.0560083389282227,48203
8.572335004806519,0.6242647767066956,1.0327428579330444,3.0577757358551025,48376
8.582353830337524,0.6256298422813416,1.0330866575241089,3.059460163116455,48004
8.591081619262695,0.6270129680633545,1.03300940990448,3.0611116886138916,48441
8.60232925415039,0.6283626556396484,1.0331611633300781,3.0627758502960205,48387
8.611486673355103,0.6297513842582703,1.0333281755447388,3.0644564628601074,48074
8.622067928314209,0.6309401988983154,1.0336079597473145,3.066026210784912,48094
8.632153272628784,0.6321835517883301,1.0337854623794556,3.06764817237854,48203
8.641306638717651,0.6335045695304871,1.033746600151062,3.069340229034424,48432
8.651689052581787,0.6346896290779114,1.0340650081634521,3.070873737335205,48066
8.661267042160034,0.6359726190567017,1.0342931747436523,3.072404384613037,48141
8.671512365341187,0.6372723579406738,1.0342501401901245,3.0739614963531494,48486
8.681540727615356,0.6384734511375427,1.0343880653381348,3.0754783153533936,48259
8.691405534744263,0.6396923661231995,1.0343754291534424,3.077009916305542,48406
8.701379299163818,0.6409101486206055,1.0344891548156738,3.078484535217285,48401
8.711341857910156,0.6420234441757202,1.0348738431930542,3.079871654510498,47884
8.721264123916626,0.6430501937866211,1.0350849628448486,3.081294298171997,48190
8.731256484985352,0.644138753414154,1.035272240638733,3.0827221870422363,48279
8.741258382797241,0.6452975869178772,1.0352989435195923,3.084191083908081,48414
8.751463174819946,0.6463218927383423,1.0354663133621216,3.0856168270111084,48267
8.761269092559814,0.6474142670631409,1.0356525182724,3.0868875980377197,48203
8.771533250808716,0.6484891772270203,1.0357242822647095,3.0883243083953857,48354
8.781482219696045,0.649559736251831,1.0358288288116455,3.089672088623047,48361
8.791212797164917,0.6505550742149353,1.0359742641448975,3.091001033782959,48301
8.80219292640686,0.6515828371047974,1.036112904548645,3.092355966567993,48281
8.811418056488037,0.6525431871414185,1.0363881587982178,3.0936596393585205,48173
8.820863008499146,0.6534639000892639,1.0365941524505615,3.0949294567108154,48244
8.831072330474854,0.6544110178947449,1.036820411682129,3.0962042808532715,48276
8.841047286987305,0.6553444862365723,1.0367872714996338,3.0974807739257812,48497
8.851237297058105,0.6562172174453735,1.037099003791809,3.0987353324890137,48176
8.861202955245972,0.6570966839790344,1.0373139381408691,3.0998992919921875,48215
8.871344327926636,0.6580676436424255,1.0373455286026,3.1011128425598145,48473
8.881300449371338,0.6589080095291138,1.0374962091445923,3.1023001670837402,48351
8.892877101898193,0.6598014831542969,1.037649154663086,3.103456735610962,48430
8.901200294494629,0.6607686281204224,1.0375484228134155,3.1046836376190186,48406
8.911477088928223,0.6616390943527222,1.0376551151275635,3.1058506965637207,48402
8.921067714691162,0.6624024510383606,1.0378901958465576,3.1069788932800293,48229
8.93139362335205,0.6631805300712585,1.0382760763168335,3.108008623123169,48088
8.941009521484375,0.6640198826789856,1.0383367538452148,3.1091811656951904,48448
8.95154881477356,0.6648008227348328,1.0385938882827759,3.1102371215820312,48287
8.962335109710693,0.6656187772750854,1.0387122631072998,3.1113550662994385,48364
8.9723219871521,0.6663452982902527,1.0390095710754395,3.1123619079589844,48207
8.98109745979309,0.6671434640884399,1.0390384197235107,3.113461971282959,48475
8.991737604141235,0.6678984761238098,1.0393725633621216,3.114461898803711,48173
9.00174331665039,0.6685900092124939,1.0396130084991455,3.1154463291168213,48261
9.011381149291992,0.6693492531776428,1.0398318767547607,3.116462469100952,48350
9.031655311584473,0.6699863076210022,1.0401029586791992,3.117384433746338,48638
9.041047811508179,0.670868992805481,1.0399727821350098,3.118476152420044,48310
9.0454740524292,0.6715206503868103,1.0403070449829102,3.119302988052368,47840
9.052330732345581,0.6722596287727356,1.0405571460723877,3.120250701904297,48546
9.06104850769043,0.6729210019111633,1.0408071279525757,3.1211347579956055,48310
9.071166276931763,0.6736504435539246,1.0410733222961426,3.1219635009765625,48294
9.080882549285889,0.6743277907371521,1.0414031744003296,3.1228928565979004,48245
9.091009378433228,0.6749271154403687,1.0416514873504639,3.123722791671753,48285
9.10254430770874,0.6756946444511414,1.0418254137039185,3.12459135055542,48408
9.11181354522705,0.6763316988945007,1.042160153388977,3.125349760055542,48231
9.121735095977783,0.6769672632217407,1.0424867868423462,3.126180648803711,48206
9.141327619552612,0.6777231693267822,1.0426387786865234,3.1269989013671875,48827
9.145167350769043,0.6783734560012817,1.043156623840332,3.127713441848755,47670
9.153075456619263,0.678956151008606,1.0434744358062744,3.1284372806549072,48261
9.161333084106445,0.6795608997344971,1.0438138246536255,3.1291980743408203,48276
9.181336164474487,0.6802083253860474,1.0441701412200928,3.129889965057373,48666
9.185030221939087,0.6808294057846069,1.0445536375045776,3.1306004524230957,47806
9.191586971282959,0.6814507842063904,1.0449093580245972,3.1312670707702637,48262
9.201989650726318,0.6821165084838867,1.04513418674469,3.131969928741455,48385
9.211793661117554,0.682722270488739,1.0455701351165771,3.132601261138916,48148
9.231550931930542,0.6833711862564087,1.0458762645721436,3.133225917816162,48732
9.234414100646973,0.683839738368988,1.0464369058609009,3.133749485015869,47630
9.244025707244873,0.6843814849853516,1.0468173027038574,3.134373426437378,48205
9.252048254013062,0.684979259967804,1.0472030639648438,3.134915828704834,48291
9.2611403465271,0.6855347156524658,1.047641396522522,3.135427236557007,48187
9.282371520996094,0.6860857605934143,1.048067569732666,3.135920286178589,48712
9.287283658981323,0.68669593334198,1.0482734441757202,3.1364927291870117,47989
9.2913498878479,0.6872692108154297,1.0486829280853271,3.136992931365967,48234
9.301256895065308,0.6877902150154114,1.049144983291626,3.137444257736206,48121
9.311319589614868,0.6883364319801331,1.049562931060791,3.137892723083496,48236
9.321433782577515,0.6887332797050476,1.0501457452774048,3.13826060295105,48097
9.331221342086792,0.6892492771148682,1.0505590438842773,3.1386847496032715,48241
9.341110229492188,0.6897421479225159,1.0509709119796753,3.139073133468628,48251
9.351211309432983,0.6902299523353577,1.0514295101165771,3.139512538909912,48220
9.362019300460815,0.690787672996521,1.0518549680709839,3.139897584915161,48205
9.381473779678345,0.6911914348602295,1.0523878335952759,3.140223503112793,48603
9.383768558502197,0.6916502118110657,1.052860140800476,3.1405904293060303,47718
9.392528295516968,0.6922251582145691,1.0531128644943237,3.1410024166107178,48423
9.401265859603882,0.6926537752151489,1.053580403327942,3.1413445472717285,48190
9.411511659622192,0.6930640935897827,1.0542821884155273,3.141580104827881,47860
9.43228793144226,0.6934769153594971,1.054707407951355,3.1418581008911133,48800
9.437308311462402,0.6938680410385132,1.0551987886428833,3.1421730518341064,47698
9.441211938858032,0.6943281888961792,1.0556221008300781,3.142432689666748,48207
9.451009035110474,0.6947691440582275,1.0561320781707764,3.142709970474243,48183
9.461681365966797,0.6951928734779358,1.056490182876587,3.143010139465332,48334
9.481139421463013,0.6956109404563904,1.056999683380127,3.143280506134033,48571
9.483304023742676,0.6960028409957886,1.057476282119751,3.143517255783081,47711
9.491061687469482,0.6963940262794495,1.0579521656036377,3.143768310546875,48213
9.501087665557861,0.6967513561248779,1.0583959817886353,3.1440207958221436,48469
9.511449575424194,0.6970323324203491,1.0589970350265503,3.1442086696624756,48054
9.521014928817749,0.6972792148590088,1.0597189664840698,3.1444168090820312,47726
9.532288074493408,0.6975864171981812,1.0603810548782349,3.1445629596710205,48019
9.541152715682983,0.6979220509529114,1.0608068704605103,3.144796133041382,48294
9.551283836364746,0.6981459856033325,1.0614076852798462,3.1449499130249023,48080
9.56394624710083,0.6984521746635437,1.0619488954544067,3.1451306343078613,48093
9.571449518203735,0.6987178921699524,1.062411904335022,3.1453235149383545,48222
9.581396579742432,0.6989853382110596,1.0629252195358276,3.1454644203186035,48168
9.60126781463623,0.6992409825325012,1.0634135007858276,3.1456334590911865,48568
9.602282285690308,0.6994435787200928,1.063869595527649,3.145808458328247,47719
9.611210107803345,0.6997146010398865,1.0643972158432007,3.1459450721740723,48112
9.631798267364502,0.699913501739502,1.0648454427719116,3.1461305618286133,48629
9.635141849517822,0.7001764178276062,1.0652695894241333,3.146353006362915,47749
9.641214847564697,0.7002717852592468,1.0658267736434937,3.1465063095092773,48062
9.652103662490845,0.7005036473274231,1.0662654638290405,3.1466856002807617,48136
9.661283731460571,0.7006523013114929,1.0666449069976807,3.1468942165374756,48218
9.682234525680542,0.700778603553772,1.067178726196289,3.1469943523406982,48449
9.687963247299194,0.7008833289146423,1.0676195621490479,3.1471292972564697,47726
9.691974401473999,0.700904130935669,1.0681185722351074,3.14725661277771,48065
9.701159715652466,0.7008988857269287,1.0687206983566284,3.1473803520202637,47983
9.711308002471924,0.700843870639801,1.0693250894546509,3.1474547386169434,47968
9.731083393096924,0.7008994817733765,1.0697073936462402,3.1475846767425537,48619
9.741331815719604,0.7008829712867737,1.070119023323059,3.147711992263794,47747
9.743767738342285,0.7009036540985107,1.0705105066299438,3.147881269454956,47761
9.751335859298706,0.700876772403717,1.0709691047668457,3.1479740142822266,48430
9.761143922805786,0.7008470892906189,1.0713281631469727,3.1481080055236816,48162
9.781361818313599,0.7007933259010315,1.0717003345489502,3.1482536792755127,48479
9.784794330596924,0.7007830739021301,1.072003960609436,3.1484320163726807,47851
9.801194667816162,0.7006407976150513,1.0723967552185059,3.1485023498535156,48082
9.803606986999512,0.7005775570869446,1.0727061033248901,3.148677110671997,47839
9.811448574066162,0.700529932975769,1.0728862285614014,3.1488490104675293,48551
9.822120666503906,0.7003861665725708,1.0732827186584473,3.148963212966919,48040
9.83157229423523,0.7002086639404297,1.0736818313598633,3.149080991744995,47973
9.841939449310303,0.7000054121017456,1.074146032333374,3.149174213409424,47984
9.851223945617676,0.6996455192565918,1.074843406677246,3.1492042541503906,47745
9.861236095428467,0.6994748115539551,1.0751920938491821,3.1492693424224854,48213
9.871262550354004,0.6992363333702087,1.0756375789642334,3.1493115425109863,47851
9.8813796043396,0.6990753412246704,1.075927972793579,3.1493980884552,48071
9.901392936706543,0.6988816857337952,1.0761877298355103,3.149472951889038,48333
9.90413498878479,0.6986379623413086,1.07651686668396,3.149536609649658,47802
9.911139726638794,0.6983417272567749,1.0769267082214355,3.1495676040649414,47922
9.92149543762207,0.6980663537979126,1.077277660369873,3.149629592895508,47965
9.931228637695312,0.6977410316467285,1.0775997638702393,3.149695873260498,48029
9.941396236419678,0.697462797164917,1.0779489278793335,3.1497440338134766,47994
9.951228618621826,0.6971396207809448,1.0783721208572388,3.149754047393799,47769
9.961146831512451,0.6969084143638611,1.0785207748413086,3.149843215942383,48226
9.971276760101318,0.6965489387512207,1.078967809677124,3.1498465538024902,47843
9.982014179229736,0.6962268948554993,1.0792853832244873,3.149883985519409,47905
9.991344213485718,0.6959293484687805,1.0795674324035645,3.1498959064483643,47952
10.001368999481201,0.6956260800361633,1.0798581838607788,3.14990496635437,47988
10.021604299545288,0.6952062845230103,1.080329179763794,3.149890661239624,47820
10.025713443756104,0.6948789358139038,1.080514907836914,3.149914264678955,47909
10.031783103942871,0.6945263147354126,1.0809061527252197,3.1498916149139404,47866
10.04210352897644,0.6941899061203003,1.0811432600021362,3.1498947143554688,47958
10.063794136047363,0.6937748789787292,1.0815021991729736,3.1498618125915527,47856
10.092166185379028,0.6934385299682617,1.081603765487671,3.1498913764953613,48021
10.098166942596436,0.6929695010185242,1.0820534229278564,3.14981746673584,47724
10.104126691818237,0.6924343109130859,1.0824092626571655,3.149782180786133,47763
10.109778881072998,0.692039966583252,1.0825499296188354,3.1497561931610107,47984
10.116028308868408,0.6916137337684631,1.0828065872192383,3.1497111320495605,47895
10.121626853942871,0.69122314453125,1.0830156803131104,3.1496500968933105,47856
10.12715458869934,0.6908479928970337,1.0830875635147095,3.1496617794036865,48017
10.133467435836792,0.6904107928276062,1.083296775817871,3.1495628356933594,47861
10.141064405441284,0.6899393200874329,1.0834860801696777,3.149492025375366,47819
10.151528596878052,0.6894517540931702,1.0837174654006958,3.1494140625,47768
10.16113829612732,0.6890702247619629,1.0836749076843262,3.149397611618042,48103
10.181435346603394,0.6886250972747803,1.0838173627853394,3.1492927074432373,47831
10.19131851196289,0.6880834102630615,1.0839908123016357,3.1492156982421875,47869
10.195156574249268,0.6875447034835815,1.0842170715332031,3.1490578651428223,47812
10.201772212982178,0.6869994401931763,1.0844579935073853,3.148958444595337,47607
10.210866689682007,0.6863696575164795,1.0848443508148193,3.1488070487976074,47554
10.231409788131714,0.6859011650085449,1.084932804107666,3.1487228870391846,47782
10.232411623001099,0.6853631138801575,1.0850400924682617,3.148592472076416,47910
10.252455472946167,0.6848366856575012,1.0851167440414429,3.1484646797180176,47855
10.254523515701294,0.6843680143356323,1.084895133972168,3.1484758853912354,48238
10.261230945587158,0.6836959719657898,1.0851272344589233,3.1482622623443604,47544
10.281257629394531,0.6831058859825134,1.085166096687317,3.148115873336792,47646
10.284252166748047,0.6825394034385681,1.0852302312850952,3.1479156017303467,47937
10.291342735290527,0.682054340839386,1.0851713418960571,3.1477928161621094,47870
10.301294088363647,0.6814339756965637,1.0852051973342896,3.147569179534912,47794
10.312196731567383,0.6807974576950073,1.0851536989212036,3.1474413871765137,47863
10.33128309249878,0.6801514625549316,1.0849484205245972,3.147327184677124,47788
10.333834648132324,0.6794622540473938,1.0850684642791748,3.147109270095825,47866
10.351405143737793,0.6787230968475342,1.0852466821670532,3.146864891052246,47519
10.361131429672241,0.6781161427497864,1.0850368738174438,3.1467323303222656,47992
10.364475011825562,0.6773808598518372,1.084934949874878,3.1465542316436768,48081
10.381163120269775,0.6767841577529907,1.0847744941711426,3.146359443664551,47697
10.383926630020142,0.6760851144790649,1.0846891403198242,3.1461341381073,48060
10.390984296798706,0.6754109859466553,1.084606647491455,3.1458914279937744,47522
10.401005744934082,0.6746885180473328,1.084477424621582,3.145669937133789,47789
10.410976886749268,0.6740784049034119,1.0841877460479736,3.14546537399292,48065
10.431377410888672,0.6733168959617615,1.0840390920639038,3.145245313644409,47785
10.433774948120117,0.6725751161575317,1.0839126110076904,3.144984483718872,48088
10.451406002044678,0.6717979907989502,1.083747148513794,3.1447103023529053,47528
10.46222734451294,0.671021044254303,1.0835648775100708,3.144451856613159,47823
10.467864751815796,0.6702387928962708,1.0833094120025635,3.144174575805664,48211
10.473913431167603,0.669492781162262,1.0830376148223877,3.1438844203948975,47529
10.482050657272339,0.6687058210372925,1.0828180313110352,3.143610715866089,47800
10.502136707305908,0.6678811311721802,1.0825897455215454,3.1433262825012207,47473
10.507145643234253,0.6669856309890747,1.0825155973434448,3.14296817779541,48012
10.513141393661499,0.6661363244056702,1.0822333097457886,3.14269757270813,47804
10.522077560424805,0.6652278900146484,1.08206045627594,3.142362356185913,47763
10.531434059143066,0.6643388867378235,1.0818254947662354,3.142038345336914,47748
10.551665306091309,0.663474440574646,1.0815199613571167,3.1417102813720703,47435
10.562098026275635,0.6625888347625732,1.0811980962753296,3.1413519382476807,48246
10.571575164794922,0.6616325974464417,1.081053614616394,3.1409800052642822,47655
10.575605630874634,0.6607832312583923,1.0805002450942993,3.140718936920166,48480
10.581970453262329,0.6599173545837402,1.0801336765289307,3.1403586864471436,47493
10.602043390274048,0.6590110063552856,1.0799232721328735,3.1399734020233154,47669
10.603923082351685,0.6580895781517029,1.0795735120773315,3.139613389968872,48269
10.610770225524902,0.657094419002533,1.0791761875152588,3.1392104625701904,47389
10.621359586715698,0.6562169790267944,1.0787380933761597,3.1388375759124756,47916
10.63191819190979,0.6552507877349854,1.0784549713134766,3.1384201049804688,47682
10.640934944152832,0.6542961001396179,1.0780359506607056,3.1380178928375244,47842
10.66109585762024,0.6533253192901611,1.0776194334030151,3.1376218795776367,47342
10.662129402160645,0.6522970795631409,1.0773775577545166,3.1371657848358154,48139
10.68185567855835,0.6513352394104004,1.0767618417739868,3.1368000507354736,47763
10.687873363494873,0.6504155993461609,1.0762009620666504,3.13643217086792,48463
10.690950632095337,0.6493229866027832,1.0758599042892456,3.135950803756714,47474
10.70103931427002,0.6482366919517517,1.0756524801254272,3.135503053665161,47589
10.711304664611816,0.6471607089042664,1.0750664472579956,3.1350479125976562,47960
10.721129179000854,0.6461142301559448,1.07468581199646,3.134575128555298,47779
10.732066631317139,0.6450313329696655,1.074222207069397,3.134124517440796,47785
10.75174617767334,0.6439705491065979,1.0736595392227173,3.1336703300476074,47401
10.76197600364685,0.6428878903388977,1.073256254196167,3.1331896781921387,48285
10.765488386154175,0.6418367624282837,1.0727046728134155,3.13271427154541,48441
10.771799325942993,0.6407559514045715,1.0721654891967773,3.1322460174560547,47348
10.781187295913696,0.6396819353103638,1.0716378688812256,3.1317596435546875,47850
10.80148983001709,0.6386514902114868,1.0709950923919678,3.1313040256500244,47438
10.804567813873291,0.6375032663345337,1.0704740285873413,3.130803108215332,48400
10.811203718185425,0.6363222599029541,1.0700255632400513,3.130258321762085,47732
10.821946859359741,0.6351810097694397,1.0694345235824585,3.1297266483306885,47937
10.830908060073853,0.6341207027435303,1.0688517093658447,3.129261016845703,47907
10.841127157211304,0.6329199075698853,1.0683952569961548,3.1287107467651367,47765
10.852246761322021,0.6317439675331116,1.067781686782837,3.1282176971435547,47945
10.86078667640686,0.6305947303771973,1.0672736167907715,3.1276206970214844,47834
10.871350288391113,0.6295101046562195,1.0667333602905273,3.1270790100097656,47814
10.881255388259888,0.6283062696456909,1.0660903453826904,3.126542091369629,47984
10.901495218276978,0.6270931959152222,1.0654962062835693,3.125981330871582,47370
10.904599666595459,0.6260653138160706,1.0647555589675903,3.125457286834717,48613
10.91332483291626,0.624849796295166,1.0642863512039185,3.124864339828491,47779
10.931207418441772,0.6237680912017822,1.0635143518447876,3.1243207454681396,47516
10.933584451675415,0.6224279403686523,1.063053011894226,3.1236886978149414,48332
10.952092170715332,0.6213476657867432,1.062449336051941,3.123110055923462,47879
10.962156772613525,0.6202763915061951,1.0617142915725708,3.122511863708496,48070
10.967759132385254,0.6190956830978394,1.0610344409942627,3.122004747390747,48561
10.973675727844238,0.6176708340644836,1.0606929063796997,3.1213176250457764,47145
10.981682538986206,0.6166099309921265,1.0600159168243408,3.1207351684570312,47987
11.002192735671997,0.6154100894927979,1.0595320463180542,3.1200993061065674,47285
11.00438904762268,0.6142303943634033,1.0587303638458252,3.1195881366729736,48674
11.011198997497559,0.6130278706550598,1.0581088066101074,3.1189653873443604,47950
11.021545648574829,0.6118389964103699,1.0576094388961792,3.118284225463867,47799
11.03154730796814,0.6106622219085693,1.0570266246795654,3.117617130279541,47920
11.051710367202759,0.6095091104507446,1.0562227964401245,3.1170899868011475,47652
11.054434061050415,0.608284056186676,1.055648684501648,3.116487979888916,48448
11.063283443450928,0.6071389317512512,1.0550892353057861,3.1157820224761963,47874
11.071793794631958,0.6059457659721375,1.054495096206665,3.115128993988037,47954
11.091017007827759,0.6048365831375122,1.0536398887634277,3.1145575046539307,47727
11.101696491241455,0.6036308407783508,1.0529603958129883,3.1139073371887207,48559
11.112248182296753,0.6024853587150574,1.0523273944854736,3.1132566928863525,47697
11.113733530044556,0.6013058423995972,1.051786184310913,3.11259388923645,48425
11.13125729560852,0.6002346873283386,1.05099356174469,3.1120009422302246,47944
11.13219141960144,0.5990002155303955,1.0502922534942627,3.111319065093994,48595
11.141654253005981,0.5977991819381714,1.0496432781219482,3.110692024230957,47555
11.151228666305542,0.5965895652770996,1.0491411685943604,3.109954357147217,47867
11.161208391189575,0.595542311668396,1.0482101440429688,3.1094090938568115,48352
11.18205714225769,0.5943720936775208,1.0475398302078247,3.1087405681610107,47588
11.187266826629639,0.5930855870246887,1.0469040870666504,3.108055830001831,48532
11.201225757598877,0.5919236540794373,1.0462573766708374,3.107347249984741,48089
11.20460557937622,0.590811014175415,1.0454031229019165,3.106727361679077,48765
11.211666107177734,0.5896260738372803,1.0447206497192383,3.1060831546783447,47647
11.231231451034546,0.5884447693824768,1.0440540313720703,3.105384349822998,48126
11.234355926513672,0.587285041809082,1.0433589220046997,3.1046862602233887,48613
11.251002550125122,0.5860118865966797,1.042885661125183,3.103928327560425,47498
11.261252164840698,0.5848270654678345,1.0422013998031616,3.1032373905181885,48147
11.262293100357056,0.583672821521759,1.0414010286331177,3.1025924682617188,48725
11.281187772750854,0.5826290249824524,1.0407367944717407,3.10190486907959,47742
11.282108068466187,0.5814032554626465,1.0400562286376953,3.1011900901794434,48612
11.301428079605103,0.5801827907562256,1.0394172668457031,3.1004371643066406,47735
11.302488327026367,0.5790441632270813,1.0387229919433594,3.099759817123413,48632
11.32164454460144,0.577981173992157,1.0379679203033447,3.099123954772949,47880
11.322695016860962,0.5768277645111084,1.0374033451080322,3.098341464996338,48508
11.342296361923218,0.5756894946098328,1.0366942882537842,3.0976617336273193,47864
11.348036289215088,0.5744696855545044,1.036023736000061,3.0969882011413574,48622
11.351446390151978,0.5734187960624695,1.035286545753479,3.0962767601013184,47940
11.371780395507812,0.5723136067390442,1.0344823598861694,3.0955564975738525,48025
11.381308317184448,0.5710684657096863,1.0340440273284912,3.094815254211426,48395
11.383711576461792,0.5699643492698669,1.0334420204162598,3.0940752029418945,48567
11.402283668518066,0.5687646269798279,1.0328209400177002,3.0934066772460938,47693
11.407185792922974,0.5676865577697754,1.0320521593093872,3.092643976211548,48740
11.412886619567871,0.5664933919906616,1.031524658203125,3.0918476581573486,47992
11.422075986862183,0.5652737021446228,1.0311002731323242,3.091041088104248,48066
11.432218313217163,0.5641213059425354,1.0305030345916748,3.090318202972412,48264
11.452711820602417,0.563082754611969,1.0298739671707153,3.0895397663116455,47994
11.455252885818481,0.5620244741439819,1.029189109802246,3.0888376235961914,48670
11.463338136672974,0.560884416103363,1.0285396575927734,3.088059663772583,48311
11.482681274414062,0.5597244501113892,1.0279732942581177,3.08721661567688,47953
11.487319469451904,0.5586954951286316,1.027368426322937,3.086461305618286,48602
11.502963304519653,0.5577822923660278,1.0264476537704468,3.085845708847046,48349
11.508227109909058,0.556721031665802,1.0258110761642456,3.085087776184082,48648
11.511404752731323,0.5555155873298645,1.0255162715911865,3.0842041969299316,47998
11.521348476409912,0.5544002652168274,1.02498197555542,3.0834033489227295,48258
11.531499147415161,0.5534076690673828,1.0244039297103882,3.0826051235198975,48364
11.551661968231201,0.5524022579193115,1.0236324071884155,3.0819263458251953,48269
11.556062459945679,0.5514326095581055,1.0230764150619507,3.0811514854431152,48585
11.571449518203735,0.5504482984542847,1.0226393938064575,3.0803258419036865,48195
11.57460618019104,0.5492909550666809,1.021988868713379,3.079477310180664,48691
11.583189964294434,0.548305094242096,1.0212491750717163,3.0788066387176514,48306
11.60095477104187,0.5472206473350525,1.0207020044326782,3.078023672103882,48327
11.604039907455444,0.5460970401763916,1.0202232599258423,3.07712721824646,48534
11.611546039581299,0.5451194643974304,1.0196937322616577,3.076319932937622,48102
11.621020555496216,0.5441308617591858,1.01919424533844,3.075533390045166,48336
11.63132929801941,0.5430798530578613,1.0183931589126587,3.0748486518859863,48648
11.641922950744629,0.5421395897865295,1.0177844762802124,3.0741074085235596,48465
11.65204119682312,0.5410341620445251,1.0174987316131592,3.0731699466705322,48125
11.661961317062378,0.539973795413971,1.016839861869812,3.072416305541992,55000
11.67130970954895,0.5389847159385681,1.0163002014160156,3.071638822555542,48226
11.681093215942383,0.5380818247795105,1.0155692100524902,3.070915937423706,48226
11.701109409332275,0.5370538234710693,1.0150288343429565,3.070171594619751,48226
11.704484939575195,0.5359755158424377,1.0146161317825317,3.06929349899292,48226
11.711788654327393,0.5349116325378418,1.0141335725784302,3.0684988498687744,48226
11.721638679504395,0.5339308381080627,1.013603687286377,3.0677263736724854,48226
11.731400966644287,0.5329740643501282,1.0128942728042603,3.0670604705810547,48226
11.751088857650757,0.5320282578468323,1.0124976634979248,3.066218137741089,48226
11.754587888717651,0.5309948325157166,1.0119450092315674,3.0654494762420654,48226
11.760976791381836,0.5299935936927795,1.0115673542022705,3.0647308826446533,48226
11.772640466690063,0.5289196372032166,1.0111294984817505,3.06386661529541,48226
11.782025575637817,0.5281438827514648,1.010377287864685,3.0631847381591797,48226
11.80269193649292,0.5269247889518738,1.0101791620254517,3.062370538711548,48226
11.804448127746582,0.5260547995567322,1.0097206830978394,3.0616066455841064,48226
11.822232484817505,0.5250504612922668,1.0092788934707642,3.0608179569244385,48226
11.827131986618042,0.5241081714630127,1.0088114738464355,3.060039758682251,48226
11.83161211013794,0.5230880379676819,1.0084625482559204,3.0592257976531982,48226
11.852474451065063,0.5220610499382019,1.007959008216858,3.05846905708313,48226
11.85474944114685,0.5212878584861755,1.0074362754821777,3.0577778816223145,48226
11.871242761611938,0.5202076435089111,1.0070655345916748,3.056939125061035,48226
11.881253957748413,0.5193535089492798,1.0064655542373657,3.0562689304351807,48226
11.89125943183899,0.5184379816055298,1.0059689283370972,3.0556249618530273,48226
11.901624917984009,0.5174815654754639,1.0055495500564575,3.0548367500305176,48226
11.904046773910522,0.5166690945625305,1.00502347946167,3.0541651248931885,48226
11.921912908554077,0.5157804489135742,1.0045444965362549,3.0534162521362305,48226
11.924233675003052,0.5147888660430908,1.004151463508606,3.052731990814209,48226
11.93122410774231,0.5137428045272827,1.0037648677825928,3.051933765411377,48226
11.951283931732178,0.5127565264701843,1.0032904148101807,3.0512216091156006,48226
11.952054977416992,0.5118787288665771,1.0028446912765503,3.050482749938965,48226
11.971652507781982,0.5109934210777283,1.0022380352020264,3.0498087406158447,48226
11.975034236907959,0.5099819898605347,1.001863956451416,3.0491011142730713,48226
11.981218814849854,0.5090860724449158,1.0014369487762451,3.048363447189331,48226
12.001034021377563,0.5081285238265991,1.0009397268295288,3.0476198196411133,48226
12.004180669784546,0.5071642398834229,1.0004827976226807,3.046856641769409,48226
12.011096715927124,0.506453812122345,0.9998980760574341,3.046168804168701,48226
12.021286249160767,0.5055184960365295,0.9995298981666565,3.0454206466674805,48226
12.0310959815979,0.5044388175010681,0.9989805221557617,3.044677734375,48226
12.041008472442627,0.5034754872322083,0.9986545443534851,3.043928384780884,48226
12.051507234573364,0.5026251077651978,0.9981034398078918,3.0432217121124268,48226
12.06140661239624,0.5018395781517029,0.9974110126495361,3.042586088180542,48226
12.07126522064209,0.5008777379989624,0.9969197511672974,3.0418202877044678,48226
12.081860065460205,0.4997346103191376,0.9967176914215088,3.0410423278808594,48226
12.101372003555298,0.49877944588661194,0.9962341785430908,3.0403475761413574,48226
12.104342460632324,0.4978584945201874,0.995678722858429,3.039656400680542,48226
12.121677160263062,0.496944397687912,0.9953819513320923,3.038896083831787,48226
12.124773979187012,0.49607351422309875,0.9946520924568176,3.038327932357788,48226
12.140964031219482,0.49515271186828613,0.9940218329429626,3.0376718044281006,48226
12.1436767578125,0.4940851330757141,0.9936714768409729,3.0368804931640625,48226
12.161004543304443,0.4931454062461853,0.9931983947753906,3.036217212677002,48226
12.172544717788696,0.4921632707118988,0.9929500222206116,3.035411834716797,48226
12.181735277175903,0.49149057269096375,0.9921128749847412,3.034951686859131,48226
12.184504270553589,0.49052220582962036,0.9915519952774048,3.034271240234375,48226
12.201146602630615,0.4895695447921753,0.9910868406295776,3.033623695373535,48226
12.203997611999512,0.48866957426071167,0.990713894367218,3.032834529876709,48226
12.211642026901245,0.487731397151947,0.990182101726532,3.0321390628814697,55000
12.222475051879883,0.48690956830978394,0.9898526072502136,3.0313167572021484,48658
12.231243371963501,0.4861302971839905,0.989001452922821,3.030802011489868,49187
12.251401662826538,0.4852667450904846,0.9885500073432922,3.0301589965820312,48749
12.254751682281494,0.4841914772987366,0.988189697265625,3.0293521881103516,48769
12.262985706329346,0.48324063420295715,0.9876160025596619,3.0287108421325684,48941
12.281492471694946,0.4824011027812958,0.9873660802841187,3.027925968170166,48561
12.291069507598877,0.4815061688423157,0.9867991805076599,3.027240753173828,48995
12.301452398300171,0.4807091951370239,0.9859338402748108,3.026766300201416,49260
12.31116509437561,0.4797738790512085,0.9855356216430664,3.026085138320923,48846
12.321692943572998,0.4788592457771301,0.9854045510292053,3.025322437286377,48487
12.32828974723816,0.47801047563552856,0.984988808631897,3.024672269821167,48871
12.341060638427734,0.47702860832214355,0.984532356262207,3.0239641666412354,48829
12.351826429367065,0.4762541353702545,0.9841481447219849,3.0233309268951416,48810
12.361329793930054,0.4753624498844147,0.9836674332618713,3.022758722305298,48913
12.371450185775757,0.47443774342536926,0.9832217693328857,3.0220930576324463,48887
12.381214380264282,0.4733956754207611,0.9828806519508362,3.021306037902832,48790
12.391391515731812,0.4725372791290283,0.9825331568717957,3.0206503868103027,48800
12.402170896530151,0.4718906283378601,0.9820817112922668,3.0201053619384766,48909
12.412099599838257,0.47106996178627014,0.9817292094230652,3.0194640159606934,48821
12.41737675666809,0.4701773226261139,0.9814165830612183,3.0188376903533936,48821
12.42628002166748,0.4691261649131775,0.9810026288032532,3.0181078910827637,48865
12.431239604949951,0.4682689309120178,0.9806146621704102,3.017483711242676,48873
12.452467918395996,0.46760594844818115,0.980265736579895,3.016953468322754,48807
12.457158088684082,0.466599702835083,0.9800695180892944,3.0161495208740234,48725
12.461153984069824,0.4656272828578949,0.9797183275222778,3.0155818462371826,48857
12.481237411499023,0.4646739363670349,0.9795919060707092,3.0149807929992676,48632
12.48369288444519,0.4637257158756256,0.9794440865516663,3.0142974853515625,48687
12.502111196517944,0.463022381067276,0.9790738821029663,3.013820171356201,48845
12.504383563995361,0.4620163142681122,0.9788842797279358,3.0130343437194824,48737
12.513240575790405,0.4611491858959198,0.97861248254776,3.0124197006225586,48770
12.522990465164185,0.4604352116584778,0.978325605392456,3.011826992034912,48811
12.541996717453003,0.4594782292842865,0.9779488444328308,3.011253833770752,48911
12.544052600860596,0.45864471793174744,0.9776773452758789,3.01068377494812,48838
12.552602529525757,0.4575350880622864,0.9776816368103027,3.009901285171509,48506
12.561625003814697,0.4567461907863617,0.9774322509765625,3.009354829788208,48794
12.58153223991394,0.45608416199684143,0.9771813750267029,3.008793592453003,48764
12.584115743637085,0.45526668429374695,0.9767201542854309,3.008291244506836,49043
12.60168743133545,0.4542887806892395,0.9768091440200806,3.0075459480285645,48472
12.603642702102661,0.453469455242157,0.9766154289245605,3.0069162845611572,48778
12.621350049972534,0.45261624455451965,0.9763982892036438,3.006336212158203,48747
12.623896598815918,0.4518871605396271,0.9761519432067871,3.0058488845825195,48838
12.631054639816284,0.4511216878890991,0.976013720035553,3.005279302597046,48687
12.651623249053955,0.4498210847377777,0.9761818647384644,3.004481792449951,48377
12.65402865409851,0.448937326669693,0.9761307239532471,3.00393009185791,48644
12.661954641342163,0.44803133606910706,0.9759400486946106,3.003350257873535,48740
12.682029008865356,0.4472121298313141,0.9757477045059204,3.002696990966797,48765
12.685397863388062,0.4464191198348999,0.9755873680114746,3.0021450519561768,48763
12.70121717453003,0.44568315148353577,0.9753143191337585,3.0016043186187744,48847
12.711140871047974,0.44483429193496704,0.9752181768417358,3.001014471054077,48683
12.714858055114746,0.44380733370780945,0.9751450419425964,3.0003631114959717,48684
12.731439113616943,0.4431629478931427,0.9749778509140015,2.9998302459716797,48740
12.73465871810913,0.44203513860702515,0.9749870300292969,2.999122142791748,48605
12.75150179862976,0.44142043590545654,0.9748614430427551,2.9985930919647217,48716
12.761854648590088,0.44065648317337036,0.9748722910881042,2.9979841709136963,48580
12.766618967056274,0.4398096799850464,0.974806547164917,2.9974143505096436,48684
12.78136134147644,0.4387906491756439,0.9748458862304688,2.9966938495635986,48535
12.784413576126099,0.43777361512184143,0.9749002456665039,2.996066093444824,48563
12.801570653915405,0.43703922629356384,0.9748889207839966,2.9955108165740967,48595
12.816008567810059,0.43611687421798706,0.9747621417045593,2.994966745376587,48747
12.821590662002563,0.43526706099510193,0.9746947288513184,2.994407892227173,48642
12.83146357536316,0.4344275891780853,0.9747490286827087,2.9938535690307617,48548
12.836912393569946,0.4333683252334595,0.9748185276985168,2.9930896759033203,48552
12.8512442111969,0.432783842086792,0.9747781753540039,2.992560386657715,48639
12.861145973205566,0.43171870708465576,0.974789559841156,2.9919655323028564,48594
12.86409306526184,0.431032657623291,0.9748462438583374,2.991428852081299,48566
12.872101545333862,0.43026983737945557,0.9748591780662537,2.9908461570739746,48571
12.881251335144043,0.42939504981040955,0.9747133255004883,2.990295648574829,48762
12.901957035064697,0.4281983971595764,0.9752596616744995,2.9895689487457275,48067
12.906806468963623,0.4272997975349426,0.9753542542457581,2.98896861076355,48522
12.913318395614624,0.42650794982910156,0.9754677414894104,2.988328218460083,48455
12.931351900100708,0.4256571829319,0.9755327105522156,2.987661361694336,48503
12.941160678863525,0.4248003661632538,0.9755858778953552,2.98708438873291,48561
12.951302289962769,0.4239208996295929,0.9756239056587219,2.9864914417266846,48559
12.9542555809021,0.4232150614261627,0.9755020141601562,2.9860198497772217,48739
12.971256494522095,0.42217400670051575,0.9759451150894165,2.9852449893951416,48138
12.981306076049805,0.42134130001068115,0.9759703278541565,2.9846434593200684,48584
12.982230424880981,0.42060768604278564,0.9761135578155518,2.9840991497039795,48466
13.001778841018677,0.4195122718811035,0.9765397310256958,2.983513355255127,48128
13.011384725570679,0.4185184836387634,0.9765682220458984,2.982915163040161,48559
13.014282941818237,0.4175255596637726,0.9768901467323303,2.9821743965148926,48277
13.032151699066162,0.41658276319503784,0.9769611954689026,2.9814093112945557,48483
13.041269063949585,0.41591691970825195,0.9769732356071472,2.980905055999756,48553
13.052049398422241,0.4150560796260834,0.9771094918251038,2.9802258014678955,48430
13.057127237319946,0.41411247849464417,0.9772323369979858,2.9795987606048584,48472
13.0608651638031,0.41313639283180237,0.9773193597793579,2.979037284851074,48495
13.081170320510864,0.4119184911251068,0.9779529571533203,2.9782419204711914,47910
13.084044933319092,0.4112662971019745,0.9780257940292358,2.97768497467041,48511
13.101372718811035,0.41041937470436096,0.9780845046043396,2.977060556411743,48470
13.11151671409607,0.40947067737579346,0.978232204914093,2.976356267929077,48427
13.121570587158203,0.408615380525589,0.9783368706703186,2.9757182598114014,48457
13.132347583770752,0.40779730677604675,0.9783899784088135,2.9751217365264893,48519
13.141357898712158,0.4066639244556427,0.9786595702171326,2.9743847846984863,48304
13.151443481445312,0.4058927893638611,0.978873074054718,2.973762273788452,48349
13.162257432937622,0.40461769700050354,0.979461669921875,2.9731905460357666,47947
13.166558504104614,0.40378305315971375,0.9795699715614319,2.9723727703094482,48456
13.181409120559692,0.40300825238227844,0.9796158671379089,2.971771478652954,48453
13.191316843032837,0.4020293951034546,0.9797704219818115,2.971014976501465,48402
13.201466798782349,0.40112966299057007,0.9799963235855103,2.9703330993652344,48289
13.204304218292236,0.40021979808807373,0.9801375269889832,2.9696731567382812,48415
13.221566677093506,0.39930275082588196,0.9802860617637634,2.969050168991089,48364
13.224555969238281,0.39840227365493774,0.9804879426956177,2.9684371948242188,48350
13.23139476776123,0.39713549613952637,0.9810313582420349,2.967682361602783,48018
13.241113424301147,0.39599892497062683,0.9813118577003479,2.9668641090393066,48176
13.251413345336914,0.39504918456077576,0.9814407229423523,2.9661762714385986,48416
13.26135540008545,0.39436498284339905,0.9815329313278198,2.9656026363372803,48418
13.272508382797241,0.39357587695121765,0.9815837144851685,2.96502947807312,48472
13.28091025352478,0.392450749874115,0.9818597435951233,2.9642751216888428,48248
13.291021585464478,0.3911690413951874,0.9821520447731018,2.963310956954956,48230
13.300889730453491,0.3903185725212097,0.9825601577758789,2.962999105453491,48089
13.321285009384155,0.3893515467643738,0.9825403094291687,2.9621541500091553,48469
13.324522018432617,0.38848868012428284,0.9828086495399475,2.9614059925079346,48250
13.331399917602539,0.38725563883781433,0.9830244779586792,2.9605960845947266,48296
13.351354122161865,0.3862520754337311,0.9831375479698181,2.959883213043213,48341
13.361299753189087,0.3856861889362335,0.9830642938613892,2.95943284034729,48589
13.364484786987305,0.3844820559024811,0.9833037257194519,2.9585928916931152,48273
13.371460437774658,0.3835773766040802,0.9834582805633545,2.9579148292541504,48350
13.391566276550293,0.38272032141685486,0.9835694432258606,2.957221746444702,48341
13.40127158164978,0.3813698887825012,0.9840598702430725,2.9566569328308105,47992
13.404622077941895,0.38041922450065613,0.9841298460960388,2.955703020095825,48430
13.422005653381348,0.3794547915458679,0.984318733215332,2.954927444458008,48242
13.431591033935547,0.3785759508609772,0.9844476580619812,2.9542341232299805,48375
13.434576511383057,0.3775688707828522,0.984542965888977,2.9535748958587646,48399
13.44118595123291,0.3766438663005829,0.9846665859222412,2.9528138637542725,48329
13.45139741897583,0.375493586063385,0.9848821759223938,2.952028512954712,48257
13.471482992172241,0.37456831336021423,0.9851586818695068,2.9515528678894043,48180
13.481189966201782,0.37316158413887024,0.9854283332824707,2.9504871368408203,48212
13.484328269958496,0.37241289019584656,0.9854761958122253,2.949840545654297,48434
13.50130820274353,0.3713221251964569,0.9856758117675781,2.949002981185913,48222
13.504794120788574,0.37042176723480225,0.985737144947052,2.948282241821289,48416
13.521124362945557,0.3695885241031647,0.9855816960334778,2.947763204574585,48575
13.531304597854614,0.36842626333236694,0.9859885573387146,2.9468085765838623,48058
13.541080713272095,0.3674162030220032,0.9861509203910828,2.9461069107055664,48332
13.55142879486084,0.36630862951278687,0.9862968921661377,2.9457056522369385,48262
13.56127405166626,0.36510607600212097,0.9865912795066833,2.944533109664917,48134
13.571459770202637,0.36415359377861023,0.986689567565918,2.9437477588653564,48328
13.5820791721344,0.36291974782943726,0.9866175651550293,2.943016529083252,48536
13.591619491577148,0.3617890775203705,0.9867573380470276,2.942185163497925,48328
13.601356744766235,0.36095982789993286,0.9866693615913391,2.9416308403015137,48541
13.61228609085083,0.35989829897880554,0.9865068197250366,2.941044330596924,48574
13.622982740402222,0.3587321639060974,0.9868847727775574,2.9401121139526367,48077
13.63192367553711,0.35772082209587097,0.9871119856834412,2.9395828247070312,42000
13.641162395477295,0.35637250542640686,0.9873811602592468,2.938504934310913,48309
13.651756525039673,0.35536065697669983,0.987356424331665,2.9378480911254883,48309
13.654771566390991,0.35442063212394714,0.98746258020401,2.937084913253784,48309
13.66368293762207,0.35323914885520935,0.9875413179397583,2.9362030029296875,48309
13.682210683822632,0.35233405232429504,0.9874480962753296,2.9355437755584717,48309
13.691312551498413,0.35144203901290894,0.9874631762504578,2.935002326965332,48309
13.70214319229126,0.35041365027427673,0.987318754196167,2.9344260692596436,48309
13.71171760559082,0.3492172956466675,0.9875950217247009,2.933835983276367,48309
13.715086460113525,0.3480234444141388,0.9877607822418213,2.9327690601348877,48309
13.73133397102356,0.3469274044036865,0.9879549145698547,2.9319260120391846,48309
13.735033988952637,0.34582236409187317,0.9879370331764221,2.9311273097991943,48309
13.751428365707397,0.34447723627090454,0.9877251982688904,2.9303946495056152,48309
13.756224155426025,0.34329384565353394,0.987734854221344,2.929635524749756,48309
13.764518737792969,0.3423306941986084,0.9876858592033386,2.9289872646331787,48309
13.7815523147583,0.34155288338661194,0.9874260425567627,2.928572177886963,48309
13.791648864746094,0.34044161438941956,0.9874986410140991,2.92773699760437,48309
13.801629781723022,0.33940842747688293,0.9873847961425781,2.9270694255828857,48309
13.802614450454712,0.33803591132164,0.9874356389045715,2.926144599914551,48309
13.82138967514038,0.337157279253006,0.9874265193939209,2.925975799560547,48309
13.831205129623413,0.3359828293323517,0.9875867962837219,2.9248740673065186,48309
13.832039594650269,0.33493342995643616,0.987443745136261,2.924199342727661,48309
13.851424217224121,0.33375903964042664,0.9873836040496826,2.9235546588897705,48309
13.861030101776123,0.3327697515487671,0.9872609972953796,2.9229133129119873,48309
13.872302293777466,0.3316304087638855,0.9869713187217712,2.9222238063812256,48309
13.877496242523193,0.33054760098457336,0.9867429733276367,2.921704053878784,48309
13.891115665435791,0.3295358717441559,0.9866563081741333,2.9210751056671143,48309
13.901882410049438,0.3285684287548065,0.9864978790283203,2.920452356338501,55000
13.910951137542725,0.3274613916873932,0.9864187240600586,2.919771194458008,48520
13.921124696731567,0.32620176672935486,0.9865333437919617,2.919275999069214,42000
13.931592226028442,0.32478082180023193,0.986566960811615,2.918447971343994,48309
13.94111943244934,0.3240554630756378,0.9860818386077881,2.9178667068481445,55000
13.952099323272705,0.3227635324001312,0.9860140681266785,2.917121171951294,48517
13.961017370223999,0.3216349184513092,0.9862958788871765,2.916012763977051,48222
13.97123908996582,0.32063695788383484,0.9858048558235168,2.915619134902954,48929
13.981432914733887,0.3197276294231415,0.9856469631195068,2.9150447845458984,48574
13.985604524612427,0.31867140531539917,0.9855082035064697,2.914482593536377,48614
14.0015549659729,0.31760478019714355,0.9853813648223877,2.913691759109497,48688
14.00442910194397,0.31681936979293823,0.9852397441864014,2.913517951965332,48623
14.011728286743164,0.3157537281513214,0.9851927161216736,2.9129104614257812,48509
14.03155779838562,0.3148352801799774,0.985102117061615,2.9123830795288086,48545
14.041228771209717,0.31379055976867676,0.9849328398704529,2.911802291870117,48658
14.04207968711853,0.312645822763443,0.985093355178833,2.910703182220459,48323
14.051354885101318,0.3116897642612457,0.9850326776504517,2.910048007965088,48485
14.071437358856201,0.3107072114944458,0.9849890470504761,2.909376859664917,48462
14.081329822540283,0.3098658323287964,0.9845619797706604,2.9089765548706055,48918
14.083922147750854,0.30854532122612,0.9845698475837708,2.908217668533325,48483
14.101573705673218,0.3075372576713562,0.9845408797264099,2.907608985900879,48517
14.104284763336182,0.3066554665565491,0.984660804271698,2.906865119934082,48371
14.111607074737549,0.3056754469871521,0.9845377802848816,2.906179904937744,48586
14.121049880981445,0.3050639033317566,0.9844473004341125,2.905850887298584,48549
14.14120602607727,0.30397695302963257,0.9843363761901855,2.9050815105438232,48580
14.15218997001648,0.30306896567344666,0.9842474460601807,2.9044766426086426,48586
14.161272525787354,0.30212798714637756,0.9845117926597595,2.904144287109375,48214
14.173755884170532,0.30132946372032166,0.9844886660575867,2.9035696983337402,48511
14.182169675827026,0.30058515071868896,0.9844362735748291,2.902993679046631,48513
14.191109895706177,0.29954400658607483,0.9844076037406921,2.901973009109497,48476
14.201420545578003,0.29840967059135437,0.9845297932624817,2.9011967182159424,48347
14.20518183708191,0.2976236939430237,0.9843000769615173,2.9007067680358887,48726
14.214418411254883,0.29711514711380005,0.9843417406082153,2.9001693725585938,48406
14.232021808624268,0.2965836524963379,0.9841991066932678,2.8999595642089844,48612
14.241424560546875,0.2953493297100067,0.9845981597900391,2.8986995220184326,48093
14.251607656478882,0.294808566570282,0.9845019578933716,2.8983230590820312,48526
14.261599063873291,0.2937416732311249,0.9846718907356262,2.897404670715332,48311
14.271290063858032,0.29277536273002625,0.9847229719161987,2.897029161453247,48421
14.28202199935913,0.2922109067440033,0.9846419095993042,2.89670467376709,48522
14.292217254638672,0.29150375723838806,0.9847399592399597,2.8960959911346436,48341
14.301400423049927,0.29087647795677185,0.9847666621208191,2.8953139781951904,48436
14.303935050964355,0.29005807638168335,0.9849709868431091,2.8945913314819336,48282
14.322471380233765,0.28930553793907166,0.9849063158035278,2.894354820251465,48443
14.331553936004639,0.28870415687561035,0.98497474193573,2.8934779167175293,48417
14.341553449630737,0.2878955900669098,0.98497474193573,2.8928396701812744,48467
14.351402282714844,0.28843826055526733,0.9859374761581421,2.89288067817688,42000
14.361496448516846,0.2863471210002899,0.9855795502662659,2.891261339187622,55000
14.371262550354004,0.2859087288379669,0.9855473637580872,2.89091420173645,42000
14.381549835205078,0.28552836179733276,0.9855063557624817,2.8906350135803223,55000
14.392428159713745,0.2848456799983978,0.9856481552124023,2.8899776935577393,42000
14.401285409927368,0.2841895818710327,0.9857503771781921,2.8893563747406006,48325
14.411427974700928,0.2835398018360138,0.9858570098876953,2.888514518737793,48325
14.42137360572815,0.2830740809440613,0.9859293699264526,2.8879504203796387,48325
14.43167781829834,0.282789945602417,0.985691487789154,2.8878366947174072,48325
14.44134521484375,0.2821741998195648,0.9859095215797424,2.887570858001709,48325
14.451560497283936,0.28153279423713684,0.9859822988510132,2.886667490005493,48325
14.461660623550415,0.28047195076942444,0.9865689873695374,2.8855197429656982,48325
14.47119665145874,0.2801160514354706,0.9864341020584106,2.885118007659912,48325
14.481237173080444,0.27954044938087463,0.9866182208061218,2.8843982219696045,48325
14.492055892944336,0.279202401638031,0.9865872263908386,2.8838629722595215,48325
14.501075029373169,0.27899622917175293,0.9865493178367615,2.8836352825164795,48325
14.511182308197021,0.27839285135269165,0.9866544008255005,2.8828439712524414,48325
14.521479606628418,0.2779867351055145,0.9866073727607727,2.8823177814483643,48325
14.532144546508789,0.2776220440864563,0.9866108894348145,2.8818130493164062,48325
14.541239500045776,0.2772175669670105,0.9867045879364014,2.881232738494873,48325
14.543930768966675,0.27712157368659973,0.9866111278533936,2.8811416625976562,48325
14.5618577003479,0.2767657935619354,0.9864364266395569,2.880793809890747,48325
14.571476936340332,0.27646568417549133,0.9864494800567627,2.880359411239624,48325
14.582179307937622,0.2761068642139435,0.9865900278091431,2.880122661590576,48325
14.586987733840942,0.2758658528327942,0.9865716099739075,2.879655122756958,48325
14.601329565048218,0.27577686309814453,0.9863367080688477,2.8792381286621094,48325
14.604695558547974,0.27499714493751526,0.9868680834770203,2.8780479431152344,48325
14.611361265182495,0.27467939257621765,0.9868487119674683,2.8774919509887695,48325
14.630996942520142,0.2744297683238983,0.9869126081466675,2.8770179748535156,48325
14.641195297241211,0.2741920053958893,0.9869303703308105,2.876591444015503,48325
14.6515212059021,0.2739735543727875,0.9870956540107727,2.876461982727051,48325
14.653299808502197,0.27367663383483887,0.9871923923492432,2.8759002685546875,48325
14.660970211029053,0.2735013961791992,0.987217366695404,2.875483274459839,48325
14.680978536605835,0.27329835295677185,0.9872671365737915,2.875046968460083,48325
14.683977842330933,0.2732214331626892,0.9872837066650391,2.8746328353881836,48325
14.701334953308105,0.2731790542602539,0.9873343110084534,2.87414288520813,48325
14.71089768409729,0.2730761170387268,0.9874212741851807,2.873746156692505,48325
14.72103214263916,0.2729775607585907,0.9875709414482117,2.8733792304992676,48325
14.732213258743286,0.27291056513786316,0.9876036047935486,2.8730552196502686,48325
14.7416090965271,0.27400287985801697,0.9883148670196533,2.873351812362671,48325
14.751979112625122,0.27393224835395813,0.9884566068649292,2.8730058670043945,48325
14.761108636856079,0.27267083525657654,0.9877195954322815,2.8720242977142334,48325
14.771186113357544,0.27271637320518494,0.9877663850784302,2.8719325065612793,48325
14.781422853469849,0.2727039158344269,0.9877418875694275,2.871675491333008,48325
14.791736364364624,0.2716749906539917,0.9885262250900269,2.8700687885284424,48325
14.801976680755615,0.27167797088623047,0.9885637760162354,2.8698034286499023,48325
14.811169385910034,0.2719634771347046,0.9885179400444031,2.869654893875122,48325
14.822225093841553,0.2716524600982666,0.9886885285377502,2.869168519973755,48325
14.831207275390625,0.2715749442577362,0.988865077495575,2.868760585784912,48325
14.832044839859009,0.2715846300125122,0.988936185836792,2.868459463119507,48325
14.852133750915527,0.27153757214546204,0.9891013503074646,2.868415117263794,48325
14.854406595230103,0.2715974748134613,0.9890658855438232,2.8678815364837646,48325
14.862118244171143,0.2719426155090332,0.9891504049301147,2.867706060409546,48325
14.882305145263672,0.27193501591682434,0.9892221093177795,2.8671774864196777,48325
14.884777307510376,0.27200624346733093,0.9893566370010376,2.867434024810791,48325
14.901109457015991,0.272073358297348,0.989333987236023,2.8669018745422363,48325
14.911069631576538,0.27210038900375366,0.989372193813324,2.866680860519409,48325
14.921200037002563,0.2722122073173523,0.9894168376922607,2.8664655685424805,48325
14.93137502670288,0.2722347378730774,0.9894552826881409,2.8662235736846924,48325
14.94092059135437,0.27227428555488586,0.9894843101501465,2.8660073280334473,48325
14.951408863067627,0.272500216960907,0.9893137812614441,2.866229295730591,48325
14.961542844772339,0.27258509397506714,0.9893680810928345,2.8660500049591064,48325
14.971375465393066,0.272652804851532,0.989414632320404,2.865879774093628,48325
14.981302499771118,0.2727263867855072,0.9894528388977051,2.8657000064849854,48325
14.99133849143982,0.27283379435539246,0.989484965801239,2.8655190467834473,48325
15.001007318496704,0.27290183305740356,0.9895769357681274,2.865355968475342,48325
15.011332035064697,0.27299126982688904,0.9896366000175476,2.8652310371398926,48325
15.0213303565979,0.2730526328086853,0.9897016286849976,2.8650176525115967,48325
15.03148603439331,0.27332019805908203,0.9895643591880798,2.865264654159546,48325
15.04118800163269,0.27325156331062317,0.9897590279579163,2.8647515773773193,48325
15.051780462265015,0.27308425307273865,0.9899990558624268,2.8642234802246094,48325
15.062607526779175,0.273113876581192,0.9899925589561462,2.864125967025757,48325
15.071487188339233,0.27349787950515747,0.9899576902389526,2.8644344806671143,48325
15.081362009048462,0.27388304471969604,0.9898563027381897,2.864724636077881,48325
15.082278490066528,0.2735380232334137,0.990272045135498,2.8638319969177246,48325
15.102024793624878,0.27549928426742554,0.9908591508865356,2.8633408546447754,48325
15.111528396606445,0.2753075361251831,0.9912348985671997,2.8647146224975586,48325
15.121537923812866,0.275407075881958,0.9912520051002502,2.86466908454895,48325
15.131143808364868,0.2740755081176758,0.9904379844665527,2.8635666370391846,48325
15.135643243789673,0.2747866213321686,0.9902322292327881,2.8643033504486084,48325
15.151735067367554,0.2748378813266754,0.9901354312896729,2.8642795085906982,48325
15.161520719528198,0.27412137389183044,0.990870475769043,2.863205671310425,48325
15.17160677909851,0.27427634596824646,0.9908981919288635,2.863158702850342,48325
15.181168794631958,0.27478086948394775,0.9909636974334717,2.8632562160491943,48325
15.182058572769165,0.2745974361896515,0.9909449219703674,2.8631346225738525,48325
15.200892448425293,0.2747737467288971,0.9909643530845642,2.863152027130127,48325
15.212294578552246,0.27547377347946167,0.9908555746078491,2.8635201454162598,48325
15.222291231155396,0.2761993706226349,0.9903401136398315,2.8643453121185303,48325
15.231383562088013,0.275884747505188,0.990949273109436,2.863609552383423,48325
15.234519720077515,0.27666744589805603,0.9903882145881653,2.864429235458374,48325
15.251333236694336,0.27670818567276,0.9905574321746826,2.864107131958008,48325
15.26240611076355,0.2765786349773407,0.990910530090332,2.8637025356292725,48325
15.271643877029419,0.277099072933197,0.9905810356140137,2.8641674518585205,48325
15.281251668930054,0.2783665060997009,0.9912055730819702,2.864845037460327,48325
15.284212350845337,0.27856916189193726,0.9912337064743042,2.864863395690918,48325
15.301424026489258,0.2778574228286743,0.9905685186386108,2.864348888397217,48325
15.311433553695679,0.27808138728141785,0.9905713200569153,2.864377021789551,48325
15.321355819702148,0.27838289737701416,0.9905826449394226,2.8646936416625977,48325
15.331675291061401,0.27862343192100525,0.9905580878257751,2.8647408485412598,48325
15.341134786605835,0.2788848578929901,0.990607500076294,2.864783525466919,48325
15.351665019989014,0.27917397022247314,0.9906253814697266,2.86484694480896,48325
15.361207485198975,0.27968162298202515,0.9905049204826355,2.8653063774108887,48325
15.371155738830566,0.2799244523048401,0.9904980659484863,2.8653671741485596,48325
15.38219404220581,0.2802356779575348,0.9904880523681641,2.865445852279663,48325
15.391208171844482,0.2803838849067688,0.9904804825782776,2.8649277687072754,48325
15.40201449394226,0.28041401505470276,0.9906394481658936,2.864640474319458,48325
15.410947799682617,0.28084346652030945,0.9905983805656433,2.864806652069092,48325
15.422211170196533,0.2811494767665863,0.9905984997749329,2.8648996353149414,48325
15.431002616882324,0.28149113059043884,0.9906234741210938,2.8650104999542236,48325
15.433989524841309,0.2819189131259918,0.9905781149864197,2.865131139755249,48325
15.452284812927246,0.28261908888816833,0.9903549551963806,2.8656985759735107,48325
15.461195707321167,0.28294458985328674,0.9904183745384216,2.865762233734131,48325
15.47166132926941,0.28342095017433167,0.9904382228851318,2.865997314453125,48325
15.481135129928589,0.2837603688240051,0.9904404282569885,2.866121292114258,48325
15.49133038520813,0.2840591371059418,0.9904381632804871,2.866072654724121,48325
15.501343727111816,0.2843906879425049,0.9904397130012512,2.8662283420562744,48325
15.511003017425537,0.2859463393688202,0.9912829399108887,2.866936683654785,48325
15.521383047103882,0.2850320041179657,0.9906468391418457,2.866344690322876,48325
15.53142261505127,0.28549227118492126,0.9907593131065369,2.8664700984954834,48325
15.541070699691772,0.2858218550682068,0.9907143712043762,2.8666129112243652,48325
15.552220821380615,0.28597837686538696,0.9906032681465149,2.86667537689209,48325
15.562454462051392,0.28663745522499084,0.9905984997749329,2.8669676780700684,48325
15.57169508934021,0.2870829999446869,0.9905585050582886,2.8672196865081787,48325
15.581464529037476,0.2874487638473511,0.990612804889679,2.867628335952759,48325
15.591373205184937,0.28782397508621216,0.9905521869659424,2.8678317070007324,48325
15.601826667785645,0.2882581055164337,0.9904815554618835,2.8680808544158936,48325
15.611828327178955,0.2889724373817444,0.9901412129402161,2.868773937225342,48325
15.622223377227783,0.28935691714286804,0.9900599122047424,2.8689353466033936,48325
15.63144063949585,0.2898012101650238,0.9900643229484558,2.8691492080688477,48325
15.640869140625,0.29026472568511963,0.9898860454559326,2.8691012859344482,48325
15.651525974273682,0.29080116748809814,0.9897637963294983,2.8696467876434326,48325
15.661516666412354,0.29076382517814636,0.9900368452072144,2.8691725730895996,48325
15.671371698379517,0.2912154793739319,0.9899635910987854,2.869478464126587,48325
15.681365489959717,0.29165491461753845,0.989928126335144,2.8696775436401367,48325
15.691445350646973,0.29234838485717773,0.989769697189331,2.8702926635742188,48325
15.701277256011963,0.2928675413131714,0.9896126985549927,2.8706045150756836,48325
15.711426258087158,0.2931564450263977,0.9896779656410217,2.870656728744507,48325
15.721327066421509,0.2937173843383789,0.9896669983863831,2.8709990978240967,48325
15.731088399887085,0.29414501786231995,0.9896442294120789,2.8712353706359863,48325
15.741081953048706,0.29451173543930054,0.9896876215934753,2.87148118019104,48325
15.751817464828491,0.29486382007598877,0.989678144454956,2.8717057704925537,48325
15.762455701828003,0.2950543165206909,0.9898159503936768,2.871640920639038,48325
15.77211308479309,0.2957787811756134,0.9896193146705627,2.872387170791626,48325
15.782005786895752,0.29617375135421753,0.9897987246513367,2.8723456859588623,48325
15.790808200836182,0.29673996567726135,0.9896931648254395,2.872908115386963,48325
15.800977945327759,0.29717522859573364,0.989949107170105,2.8732242584228516,48325
15.811002492904663,0.2977242171764374,0.9899965524673462,2.8737473487854004,48325
15.820972204208374,0.29817095398902893,0.990017294883728,2.8740105628967285,48325
15.831260681152344,0.2986394464969635,0.9901109337806702,2.8743250370025635,48325
15.842323303222656,0.29906657338142395,0.9902568459510803,2.8745787143707275,48325
15.851196765899658,0.29947614669799805,0.9902486801147461,2.874882936477661,48325
15.861202716827393,0.2998407185077667,0.9902011156082153,2.8747031688690186,48325
15.871541023254395,0.3003509044647217,0.9904210567474365,2.8750100135803223,48325
15.88128399848938,0.3007707893848419,0.9907183051109314,2.875643014907837,48325
15.891077518463135,0.3013019859790802,0.990600049495697,2.875739574432373,48325
15.90199899673462,0.30190542340278625,0.9905551075935364,2.8761839866638184,48325
15.911304235458374,0.3025020360946655,0.9906127452850342,2.8767871856689453,48325
15.92107629776001,0.3029477596282959,0.9906996488571167,2.8771822452545166,48325
15.932565689086914,0.30334848165512085,0.9907591342926025,2.877490997314453,48325
15.94092607498169,0.303687185049057,0.9909622669219971,2.8775906562805176,48325
15.951294898986816,0.3045116364955902,0.9907333850860596,2.8783628940582275,48325
15.961344003677368,0.304950475692749,0.9908546209335327,2.8786873817443848,48325
15.971829175949097,0.3053627908229828,0.9910269975662231,2.878910779953003,48325
15.981326818466187,0.3058508634567261,0.9911885857582092,2.8792948722839355,48325
15.9912691116333,0.3063318133354187,0.9912596940994263,2.879671573638916,48325
16.001310110092163,0.30685949325561523,0.991361141204834,2.8801562786102295,48325
16.011369705200195,0.30737730860710144,0.9914735555648804,2.8805882930755615,48325
16.0214786529541,0.3078993856906891,0.9915014505386353,2.8810312747955322,48325
16.03125286102295,0.30835282802581787,0.9916395545005798,2.88149094581604,48325
16.04112672805786,0.30883726477622986,0.9918922185897827,2.8818576335906982,48325
16.051539659500122,0.31052878499031067,0.9930736422538757,2.8828177452087402,48325
16.06090760231018,0.30991917848587036,0.9923418760299683,2.8826675415039062,48325
16.071359872817993,0.3103976249694824,0.992455005645752,2.883160352706909,48325
16.080942630767822,0.3123047351837158,0.9931701421737671,2.8845179080963135,48325
16.09129285812378,0.3116455078125,0.9928475618362427,2.8841817378997803,48325
16.101378679275513,0.3118191957473755,0.9931784272193909,2.884408950805664,48325
16.111732482910156,0.31257426738739014,0.9933195114135742,2.8849895000457764,48325
16.121193170547485,0.313052237033844,0.9935466051101685,2.885511875152588,48325
16.13120675086975,0.3135993480682373,0.993769109249115,2.8859829902648926,48325
16.141375064849854,0.31406155228614807,0.9939650893211365,2.886474132537842,48325
16.151312828063965,0.31460440158843994,0.9941704273223877,2.887080669403076,48325
16.161375761032104,0.3149365186691284,0.9944283366203308,2.887341260910034,48325
16.17161798477173,0.3157713711261749,0.994344174861908,2.8882980346679688,48325
16.18165135383606,0.3162916898727417,0.9944691061973572,2.88914155960083,48325
16.19311261177063,0.31693530082702637,0.9944440126419067,2.889680862426758,48325
16.201597690582275,0.3172583281993866,0.9949133992195129,2.8902454376220703,48325
16.211468935012817,0.31783825159072876,0.9951274394989014,2.8909008502960205,48325
16.2216317653656,0.3182426691055298,0.9954195618629456,2.890946626663208,48325
16.231130599975586,0.31859204173088074,0.995782196521759,2.8917784690856934,48325
16.24119281768799,0.3191317021846771,0.9957672953605652,2.892137050628662,48325
16.251309156417847,0.31976574659347534,0.9959178566932678,2.8930556774139404,48325
16.261409759521484,0.3202610909938812,0.9961838126182556,2.8937275409698486,48325
16.271756172180176,0.3209681212902069,0.9961638450622559,2.894528388977051,48325
16.281415939331055,0.3224937319755554,0.9973720908164978,2.896106481552124,48325
16.29142999649048,0.32290592789649963,0.9975682497024536,2.896670341491699,48325
16.30149793624878,0.32332393527030945,0.9977380633354187,2.8972997665405273,48325
16.31215476989746,0.3227686583995819,0.997089147567749,2.8972270488739014,48325
16.321224689483643,0.3232215344905853,0.9976679086685181,2.897747039794922,48325
16.331403255462646,0.32378828525543213,0.9976698756217957,2.898730993270874,48325
16.3409743309021,0.32427889108657837,0.9978798627853394,2.899433135986328,48325
16.351089477539062,0.3247576355934143,0.9979825615882874,2.9002013206481934,48325
16.360811471939087,0.3251384198665619,0.9982931613922119,2.90120530128479,48325
16.3718900680542,0.32558611035346985,0.9985623955726624,2.9015443325042725,48325
16.380945682525635,0.3261105716228485,0.9988123178482056,2.9023780822753906,48325
16.39113974571228,0.32654115557670593,0.9990547895431519,2.903103828430176,48325
16.400947332382202,0.3269358277320862,0.9993109703063965,2.9039125442504883,48325
16.41210436820984,0.3273070454597473,0.9995640516281128,2.9047067165374756,48325
16.421993732452393,0.32773181796073914,0.9998217225074768,2.905533790588379,48325
16.4312105178833,0.3282332718372345,0.9999414086341858,2.9064383506774902,48325
16.44122338294983,0.32863616943359375,1.0002375841140747,2.9072210788726807,48325
16.451300144195557,0.32894042134284973,1.0005805492401123,2.907817840576172,48325
16.462215185165405,0.32948705554008484,1.0007375478744507,2.908979654312134,48325
16.471741676330566,0.32999953627586365,1.0010501146316528,2.9099113941192627,48325
16.48166275024414,0.33037298917770386,1.001275897026062,2.910731792449951,48325
16.490902185440063,0.33075353503227234,1.0015238523483276,2.911561965942383,48325
16.5011625289917,0.3311774730682373,1.0018131732940674,2.9124960899353027,48325
16.5124294757843,0.3318377137184143,1.0017518997192383,2.9135689735412598,48325
16.5215060710907,0.3335255980491638,1.0027720928192139,2.9145727157592773,48325
16.531471490859985,0.33381831645965576,1.0029789209365845,2.915506362915039,48325
16.54260754585266,0.33303511142730713,1.002589225769043,2.916440725326538,48325
16.55142593383789,0.3333652913570404,1.0030243396759033,2.917202949523926,48325
16.56129741668701,0.3338644802570343,1.0032821893692017,2.9182400703430176,48325
16.57235813140869,0.3342019319534302,1.0036226511001587,2.919158458709717,48325
16.58106279373169,0.33463969826698303,1.0037962198257446,2.92022442817688,48325
16.591209173202515,0.3350732922554016,1.0040017366409302,2.921234130859375,48325
16.60099506378174,0.33540135622024536,1.0042526721954346,2.9223241806030273,48325
16.61118721961975,0.3357541859149933,1.0045366287231445,2.923283100128174,48325
16.62138843536377,0.33605462312698364,1.0048633813858032,2.9242422580718994,48325
16.631478309631348,0.3365541100502014,1.0053348541259766,2.9252705574035645,48325
16.64140820503235,0.33701151609420776,1.0056042671203613,2.926405668258667,42000
16.65136432647705,0.3375108242034912,1.005714774131775,2.927516222000122,48009
16.661473989486694,0.33781886100769043,1.0059504508972168,2.928598165512085,47899
16.671643018722534,0.33823639154434204,1.0059887170791626,2.929816961288452,48096
16.68148398399353,0.33862730860710144,1.0062578916549683,2.9309351444244385,47862
16.69112539291382,0.33899542689323425,1.0065463781356812,2.9319679737091064,47857
16.701401472091675,0.33936354517936707,1.0070780515670776,2.932938814163208,47580
16.712310552597046,0.33979305624961853,1.007278561592102,2.9340221881866455,47898
16.721465349197388,0.34015291929244995,1.0074373483657837,2.935126543045044,47922
16.73177218437195,0.34059739112854004,1.0075631141662598,2.9362986087799072,47977
16.741353034973145,0.3408723473548889,1.007788896560669,2.9374098777770996,47883
16.75220489501953,0.34120577573776245,1.0080256462097168,2.93854022026062,47858
16.76104974746704,0.34159842133522034,1.0082409381866455,2.9396350383758545,47883
16.77139449119568,0.34190016984939575,1.0084047317504883,2.9407143592834473,47923
16.78173327445984,0.3423832058906555,1.0083637237548828,2.941890239715576,48139
16.791038751602173,0.3425455689430237,1.0084182024002075,2.9430177211761475,48046
16.801236152648926,0.34284526109695435,1.008774757385254,2.94411039352417,47757
16.8113374710083,0.3434370458126068,1.0088852643966675,2.9452672004699707,47980
16.821271181106567,0.3438465893268585,1.0090092420578003,2.9464471340179443,47942
16.831255674362183,0.34416458010673523,1.0090961456298828,2.9476521015167236,48004
16.841504335403442,0.34438592195510864,1.0091689825057983,2.948807954788208,48019
16.852423667907715,0.3450869619846344,1.0093519687652588,2.9500904083251953,47914
16.861454725265503,0.3451719284057617,1.0093457698822021,2.9512076377868652,48083
16.872302532196045,0.3456324636936188,1.009360432624817,2.9524776935577393,48071
16.881499528884888,0.3460566997528076,1.0091546773910522,2.9539318084716797,48301
16.89198589324951,0.34640073776245117,1.0094250440597534,2.9549801349639893,47827
16.90230417251587,0.3467181324958801,1.0094566345214844,2.9561824798583984,48088
16.911319971084595,0.3470395505428314,1.0095723867416382,2.9573283195495605,47956
16.922547101974487,0.34727391600608826,1.0097057819366455,2.958498954772949,47957
16.932031869888306,0.3477863073348999,1.009657382965088,2.9598565101623535,48125
16.94228768348694,0.3481051027774811,1.009713053703308,2.961090564727783,48022
16.951521635055542,0.34856390953063965,1.0094460248947144,2.9625232219696045,48364
16.961127042770386,0.348842591047287,1.009797215461731,2.963808536529541,47732
16.971298933029175,0.34915751218795776,1.0097979307174683,2.9650423526763916,48114
16.981348037719727,0.3493824303150177,1.0098234415054321,2.966111898422241,48031
16.99128246307373,0.3496563732624054,1.0097886323928833,2.967501401901245,48124
17.00134515762329,0.3502584993839264,1.009759783744812,2.968822717666626,48124
17.011195182800293,0.3506339490413666,1.00962495803833,2.9699716567993164,48216
17.022263765335083,0.3511066138744354,1.0093989372253418,2.9714553356170654,48337
17.031060457229614,0.35158586502075195,1.009384036064148,2.9726006984710693,48122
17.042129039764404,0.35195818543434143,1.0091954469680786,2.9739785194396973,48305
17.051166534423828,0.352207750082016,1.0092138051986694,2.9752538204193115,48077
17.06126594543457,0.3524877727031708,1.0092207193374634,2.976470708847046,48105
17.07117223739624,0.35281917452812195,1.0092941522598267,2.977860689163208,48018
17.08167552947998,0.35318827629089355,1.009056568145752,2.9792158603668213,48338
17.091211557388306,0.35355204343795776,1.0091229677200317,2.9803426265716553,48026
17.101407766342163,0.3538150191307068,1.0089952945709229,2.981663942337036,48249
17.11143684387207,0.35382670164108276,1.008992075920105,2.9828991889953613,48097
17.121683597564697,0.3542782962322235,1.0088002681732178,2.984245538711548,48299
17.13114595413208,0.35457751154899597,1.0087124109268188,2.9856228828430176,48181
17.14115810394287,0.3549187481403351,1.00871741771698,2.9869256019592285,48119
17.15134072303772,0.3552424907684326,1.0086076259613037,2.98824405670166,48220
17.161477088928223,0.35568544268608093,1.0084547996520996,2.989696741104126,48262
17.1713809967041,0.3559621274471283,1.0083553791046143,2.990999937057495,48213
17.181493997573853,0.3561577796936035,1.008316159248352,2.9922895431518555,48166
17.191487312316895,0.35652804374694824,1.0082330703735352,2.9938206672668457,48196
17.20168948173523,0.35683658719062805,1.0081102848052979,2.9950616359710693,48261
17.211292266845703,0.35718291997909546,1.0080395936965942,2.9965126514434814,48164
17.221550703048706,0.3575577735900879,1.0078169107437134,2.9981281757354736,48371
17.231451988220215,0.35788020491600037,1.0076079368591309,2.9992382526397705,48334
17.24114751815796,0.35816988348960876,1.0072622299194336,3.000675678253174,48495
17.252386331558228,0.35855159163475037,1.0072940587997437,3.0022940635681152,48105
17.26166081428528,0.35887426137924194,1.0070505142211914,3.003361463546753,48402
17.271440744400024,0.3591945767402649,1.0067020654678345,3.0049216747283936,48485
17.280821084976196,0.3594209551811218,1.006618618965149,3.006237506866455,48247
17.29100775718689,0.3595983386039734,1.006407618522644,3.0075767040252686,48379
17.30137348175049,0.3598690629005432,1.0063101053237915,3.0088460445404053,48252
17.31144142150879,0.3601636290550232,1.0061143636703491,3.0102646350860596,48347
17.321075439453125,0.36050277948379517,1.0059398412704468,3.0116610527038574,48328
17.33148455619812,0.3608368933200836,1.0058122873306274,3.0131285190582275,48292
17.34106707572937,0.361093133687973,1.0057342052459717,3.014425039291382,48234
17.351089239120483,0.36134782433509827,1.005615472793579,3.015836477279663,48314
17.36169123649597,0.36170104146003723,1.0052975416183472,3.0173542499542236,55000
17.371656894683838,0.36195164918899536,1.0051084756851196,3.0186452865600586,48294
17.381356954574585,0.3621301054954529,1.0049331188201904,3.0200047492980957,48294
17.39129066467285,0.3625656068325043,1.0045595169067383,3.021481513977051,48294
17.401325464248657,0.36280667781829834,1.0044760704040527,3.022966146469116,48294
17.411422729492188,0.3633536994457245,1.0040768384933472,3.024435520172119,48294
17.42125129699707,0.36373820900917053,1.0037413835525513,3.025827169418335,48294
17.431489944458008,0.3640291690826416,1.0036062002182007,3.0272650718688965,48294
17.441532850265503,0.36436936259269714,1.0035127401351929,3.028722047805786,48294
17.452106714248657,0.36454886198043823,1.0034159421920776,3.030024528503418,48294
17.461753606796265,0.36485084891319275,1.0032918453216553,3.0313758850097656,48294
17.47129774093628,0.3650122880935669,1.003114938735962,3.0327529907226562,48294
17.481242895126343,0.3653482496738434,1.0029252767562866,3.0342230796813965,48294
17.491234302520752,0.36542752385139465,1.0028715133666992,3.03554368019104,48294
17.50136685371399,0.36573880910873413,1.0026741027832031,3.037003517150879,48294
17.511401414871216,0.3660423457622528,1.00262451171875,3.0384514331817627,48294
17.521425247192383,0.3664810359477997,1.002243995666504,3.0400655269622803,48294
17.531313180923462,0.3666372299194336,1.0023057460784912,3.041271209716797,48294
17.5412335395813,0.36702412366867065,1.0020588636398315,3.0427539348602295,48294
17.55189299583435,0.3672909736633301,1.0020217895507812,3.0442025661468506,48294
17.561306715011597,0.3676896393299103,1.0019031763076782,3.0456931591033936,48294
17.571544647216797,0.3680053651332855,1.0016608238220215,3.0470075607299805,48294
17.581048727035522,0.36850088834762573,1.0013269186019897,3.048482894897461,48294
17.591160535812378,0.3687097132205963,1.001272439956665,3.049855947494507,48294
17.601426601409912,0.3691486120223999,1.000981092453003,3.051372528076172,48294
17.611491203308105,0.36945390701293945,1.0007784366607666,3.0527474880218506,48294
17.621251344680786,0.36972886323928833,1.0006306171417236,3.0540924072265625,48294
17.631282806396484,0.36993250250816345,1.0003044605255127,3.0555601119995117,48294
17.641079902648926,0.370225191116333,1.0001721382141113,3.05696964263916,48294
17.651684522628784,0.3703899681568146,1.0000629425048828,3.058269500732422,48294
17.662015199661255,0.37068766355514526,0.999864935874939,3.05956768989563,48294
17.6711208820343,0.3709666430950165,0.9997276067733765,3.0609261989593506,48294
17.681251287460327,0.3712828457355499,0.999444842338562,3.0623908042907715,48294
17.690982818603516,0.3716544806957245,0.999218761920929,3.0637454986572266,48294
17.70137047767639,0.37191665172576904,0.9990636706352234,3.065096378326416,48294
17.711368799209595,0.37221887707710266,0.9988774061203003,3.066453218460083,48294
17.721771001815796,0.37250545620918274,0.9986727237701416,3.0679433345794678,48294
17.731473684310913,0.37280791997909546,0.9984701871871948,3.0692381858825684,48294
17.741090774536133,0.373041570186615,0.9982011914253235,3.070476531982422,48294
17.752461433410645,0.37342092394828796,0.997639000415802,3.0720458030700684,48294
17.76140260696411,0.37371373176574707,0.9974358677864075,3.073326587677002,48294
17.771381855010986,0.3740645945072174,0.9971787333488464,3.07466197013855,48294
17.78222680091858,0.374358206987381,0.9968937039375305,3.0759165287017822,48294
17.79117703437805,0.37462666630744934,0.9967281818389893,3.0771164894104004,48294
17.80177354812622,0.3749385178089142,0.9965473413467407,3.0784220695495605,48294
17.81115746498108,0.3752945065498352,0.9963208436965942,3.079724073410034,48294
17.821238040924072,0.3755315840244293,0.9961239695549011,3.0809717178344727,48294
17.83138132095337,0.37586894631385803,0.9958344101905823,3.082254409790039,48294
17.841245889663696,0.3762161433696747,0.9954430460929871,3.083561658859253,48294
17.851548671722412,0.37653660774230957,0.9952857494354248,3.0848171710968018,48294
17.861436128616333,0.37687966227531433,0.9950931072235107,3.0861382484436035,48294
17.87110137939453,0.37713679671287537,0.9946675300598145,3.0873231887817383,48294
17.881048917770386,0.37752559781074524,0.9942907691001892,3.0885257720947266,48294
17.890992879867554,0.3780325949192047,0.9937705397605896,3.089888334274292,48294
17.900870323181152,0.3783341348171234,0.9935867786407471,3.0911548137664795,48294
17.911298036575317,0.37856319546699524,0.9933730959892273,3.092238664627075,48294
17.92124605178833,0.37884771823883057,0.9931064248085022,3.093409538269043,48294
17.932044744491577,0.37914323806762695,0.9927794933319092,3.0946106910705566,48294
17.941075086593628,0.3795483112335205,0.9924023747444153,3.0958518981933594,48294
17.951491355895996,0.3798896074295044,0.9920842051506042,3.097064971923828,48294
17.961282968521118,0.3802211284637451,0.9918649792671204,3.098207712173462,48294
17.971375465393066,0.3805566132068634,0.9915005564689636,3.0993385314941406,48294
17.981263637542725,0.3808321952819824,0.9910032153129578,3.100480556488037,48294
17.991246461868286,0.38129115104675293,0.9905073046684265,3.1017978191375732,48294
18.0014545917511,0.38161346316337585,0.99025559425354,3.1028974056243896,48294
18.011441707611084,0.3819991946220398,0.9897489547729492,3.1039984226226807,48294
18.021557092666626,0.3823253810405731,0.9894401431083679,3.105072021484375,48294
18.03147268295288,0.3825536370277405,0.989100456237793,3.1060950756073,48294
18.041527032852173,0.3829098045825958,0.9886700510978699,3.107245683670044,48294
18.051534175872803,0.38320213556289673,0.9883366227149963,3.10835337638855,48294
18.061816453933716,0.38348978757858276,0.988014280796051,3.1094508171081543,48294
18.07179069519043,0.3837718665599823,0.9876958131790161,3.1104543209075928,48294
18.081596612930298,0.38398799300193787,0.9871804714202881,3.1115031242370605,55000
18.090981483459473,0.38433265686035156,0.986777126789093,3.1125993728637695,48887
18.10134506225586,0.3845806121826172,0.9865404963493347,3.113640546798706,48743
18.111588716506958,0.3850007653236389,0.9858965873718262,3.114753246307373,49156
18.122026920318604,0.3853278160095215,0.9853770732879639,3.115785598754883,49085
18.131346464157104,0.3856271803379059,0.9850534796714783,3.116788148880005,48815
18.14134645462036,0.38587865233421326,0.9847161173820496,3.1177008152008057,48895
18.151443243026733,0.38620269298553467,0.9843169450759888,3.1187407970428467,48932
18.16123676300049,0.3865099549293518,0.9839981198310852,3.1197896003723145,48838
18.171191215515137,0.38674384355545044,0.9836833477020264,3.1207220554351807,48869
18.181368827819824,0.3870255649089813,0.983355700969696,3.121682643890381,48869
18.191083908081055,0.38741058111190796,0.9829519987106323,3.1226789951324463,48958
18.20139479637146,0.3876928687095642,0.9826385974884033,3.1236395835876465,48873
18.212135076522827,0.38792428374290466,0.9822699427604675,3.1245741844177246,48947
18.221412897109985,0.38822174072265625,0.9819365739822388,3.125563383102417,48906
18.232473373413086,0.3885628283023834,0.9815841913223267,3.1264781951904297,48929
18.241766214370728,0.38890984654426575,0.9811542630195618,3.1274590492248535,49015
18.25148630142212,0.3892742693424225,0.980815589427948,3.1283082962036133,48941
18.262288808822632,0.38947808742523193,0.9805698394775391,3.129079580307007,48851
18.271536588668823,0.3897581100463867,0.9803019762039185,3.12994122505188,48877
18.282504081726074,0.3900716006755829,0.980051577091217,3.130854368209839,48843
18.291615962982178,0.39033475518226624,0.9798543453216553,3.1317267417907715,48805
18.302306175231934,0.39060792326927185,0.9796381592750549,3.132533073425293,48815
18.311232089996338,0.3909105658531189,0.9794325828552246,3.1333882808685303,48805
18.321367263793945,0.3911808431148529,0.9792493581771851,3.134157180786133,48792
18.33159375190735,0.391528844833374,0.9790065288543701,3.1350321769714355,48877
18.341000080108643,0.3916506767272949,0.978914737701416,3.1357662677764893,48687
18.35162925720215,0.3919580280780792,0.9787964224815369,3.1366333961486816,48738
18.361536026000977,0.39224305748939514,0.9786722660064697,3.1374170780181885,48730
18.37196135520935,0.39256173372268677,0.9784048795700073,3.1382715702056885,48887
18.38153648376465,0.3927709460258484,0.9784191250801086,3.138964891433716,48597
18.392067432403564,0.39322003722190857,0.9779075980186462,3.1398608684539795,49145
18.401374340057373,0.3935813009738922,0.9777415990829468,3.140613317489624,48791
18.411691427230835,0.39390915632247925,0.9776002764701843,3.1413497924804688,48797
18.421889781951904,0.39415618777275085,0.9775457382202148,3.142069101333618,48690
18.43110489845276,0.3944219946861267,0.9775651693344116,3.142831325531006,48620
18.441072940826416,0.3946581780910492,0.9775457978248596,3.1435282230377197,48645
18.45152187347412,0.39492371678352356,0.9775269627571106,3.1441915035247803,48643
18.461891174316406,0.39522087574005127,0.97742760181427,3.144867420196533,48731
18.471576690673828,0.395514577627182,0.9774090647697449,3.145514965057373,48648
18.481566190719604,0.39582520723342896,0.9773857593536377,3.1461904048919678,48661
18.492236614227295,0.3961516320705414,0.977342963218689,3.1468911170959473,48675
18.50216794013977,0.39655664563179016,0.9771735668182373,3.1476311683654785,48805
18.511004209518433,0.3968636989593506,0.9771552681922913,3.148319721221924,48649
18.52118158340454,0.39720696210861206,0.977169930934906,3.148952007293701,48636
18.531273365020752,0.3975476622581482,0.9771460294723511,3.149571657180786,48666
18.541533946990967,0.3978919982910156,0.9771442413330078,3.1502323150634766,48631
18.552223443984985,0.39826518297195435,0.9771063327789307,3.1508357524871826,48683
18.56209111213684,0.39855140447616577,0.9770800471305847,3.1513664722442627,48664
18.5717933177948,0.39887815713882446,0.977068305015564,3.1519596576690674,48650
18.58138394355774,0.39917391538619995,0.977055013179779,3.152555227279663,48656
18.591269969940186,0.3995279371738434,0.9770156741142273,3.153191566467285,48685
18.601167917251587,0.39988669753074646,0.9770236015319824,3.1538426876068115,48642
18.612236738204956,0.4002413749694824,0.9769976139068604,3.154431104660034,48666
18.62202477455139,0.40054187178611755,0.977008581161499,3.1549277305603027,48632
18.631128787994385,0.4010452628135681,0.9767311215400696,3.1555590629577637,48928
18.641169786453247,0.40143007040023804,0.9765991568565369,3.156069040298462,48776
18.65254831314087,0.4016854465007782,0.9767180681228638,3.1565725803375244,48570
18.661261320114136,0.4020511209964752,0.9766345024108887,3.1570544242858887,48737
18.671950578689575,0.40234375,0.9766706228256226,3.157540798187256,48611
18.681373357772827,0.4026868939399719,0.9766026139259338,3.158060073852539,48732
18.691065311431885,0.40300142765045166,0.9765735864639282,3.1585254669189453,48682
18.700955390930176,0.4033617377281189,0.9765941500663757,3.158982992172241,48635
18.711217880249023,0.40376779437065125,0.9766374826431274,3.1595144271850586,48612
18.72146511077881,0.40413805842399597,0.9766485095024109,3.160006046295166,48641
18.73116374015808,0.4044777452945709,0.9766525626182556,3.1604573726654053,48658
18.741223573684692,0.40483948588371277,0.9766198396682739,3.1609363555908203,48693
18.752280235290527,0.4051971435546875,0.9766110181808472,3.1613762378692627,48668
18.76223921775818,0.40555092692375183,0.9765801429748535,3.161782741546631,48697
18.771206378936768,0.4059058725833893,0.976546049118042,3.1621837615966797,48693
18.78106379508972,0.40632137656211853,0.9765047430992126,3.162590503692627,48708
18.79135799407959,0.40669625997543335,0.9765230417251587,3.163017988204956,48656
18.80131697654724,0.407025009393692,0.9765219688415527,3.1633923053741455,48670
18.811342239379883,0.40739405155181885,0.9765060544013977,3.163816452026367,48675
18.821861028671265,0.4077599048614502,0.9765542149543762,3.164196729660034,48624
18.831241369247437,0.4081224203109741,0.9765509963035583,3.1645889282226562,48664
18.84213399887085,0.4084835350513458,0.9765222072601318,3.1649367809295654,48695
18.852157831192017,0.4088467061519623,0.9765321016311646,3.16523814201355,48662
18.861669778823853,0.4092009663581848,0.9765089154243469,3.165541648864746,48702
18.871477603912354,0.40965771675109863,0.9764699339866638,3.1658575534820557,48715
18.88139319419861,0.4101773798465729,0.97620689868927,3.166185140609741,48938
18.89103364944458,0.41051432490348816,0.9762396812438965,3.166440486907959,48657
18.901249408721924,0.4108857810497284,0.9762159585952759,3.166721820831299,48725
18.911425828933716,0.411247581243515,0.976235568523407,3.1670315265655518,48654
18.921306133270264,0.41155415773391724,0.9763538837432861,3.167207717895508,48568
18.931244134902954,0.4119400680065155,0.9764659404754639,3.1673851013183594,48588
18.941147565841675,0.41235098242759705,0.9765469431877136,3.1675736904144287,48572
18.95212197303772,0.41269269585609436,0.9766024351119995,3.1677663326263428,48652
18.961302757263184,0.4130806028842926,0.9766959547996521,3.1679763793945312,48577
18.972298622131348,0.413444846868515,0.9766964316368103,3.1681442260742188,48671
18.982205152511597,0.4138135612010956,0.9766995906829834,3.1683428287506104,48671
18.991206407546997,0.41417211294174194,0.9767621159553528,3.1684937477111816,48615
19.00214910507202,0.4146462678909302,0.9768054485321045,3.168666362762451,48666
19.011414289474487,0.4150267243385315,0.9768651723861694,3.168783187866211,48616
19.02120804786682,0.41539281606674194,0.9769583940505981,3.1689066886901855,48539
19.03213095664978,0.4157615303993225,0.9770118594169617,3.169034719467163,48616
19.042213916778564,0.416146844625473,0.9771217107772827,3.1691536903381348,48558
19.05242943763733,0.4164979159832001,0.9772583842277527,3.1692609786987305,48525
19.06161141395569,0.4169292747974396,0.9774073362350464,3.16939115524292,48528
19.07149577140808,0.41729575395584106,0.9775325655937195,3.169499158859253,48540
19.081360816955566,0.41768786311149597,0.9776055216789246,3.1695902347564697,48585
19.0908305644989,0.4180527925491333,0.9777321219444275,3.169658660888672,48537
19.101231575012207,0.4184459149837494,0.9778671264648438,3.1696953773498535,48524
19.111401796340942,0.4188460111618042,0.9780059456825256,3.1697030067443848,48518
19.121922492980957,0.41934555768966675,0.9781175851821899,3.1697418689727783,48546
19.131190299987793,0.4197494685649872,0.9782813787460327,3.169755220413208,48490
19.141061067581177,0.42019444704055786,0.9785547852516174,3.1697371006011963,48387
19.15177893638611,0.4205712378025055,0.9786868691444397,3.169743061065674,48513
19.1621196269989,0.4209100902080536,0.9788159132003784,3.1697769165039062,48511
19.17147207260132,0.4212552011013031,0.978996992111206,3.169748067855835,48460
19.181435108184814,0.4216178357601166,0.9791689515113831,3.169732093811035,48471
19.19217872619629,0.4219825565814972,0.9793688654899597,3.1697070598602295,48437
19.201131105422974,0.42234671115875244,0.9795160889625549,3.1696860790252686,48479
19.21142864227295,0.42270520329475403,0.979710578918457,3.169635534286499,48456
19.22143006324768,0.4231433868408203,0.9799509048461914,3.1695556640625,48378
19.231400966644287,0.4235208332538605,0.9800928831100464,3.16951584815979,48482
19.24105405807495,0.42387843132019043,0.9802355766296387,3.16945219039917,48492
19.25148606300354,0.4242326617240906,0.980401873588562,3.1693999767303467,48463
19.261268615722656,0.424569308757782,0.9805659055709839,3.1693308353424072,48463
19.27130651473999,0.4248656630516052,0.9809481501579285,3.1691722869873047,48244
19.28152585029602,0.4253268539905548,0.9810356497764587,3.169139862060547,48522
19.291434288024902,0.4256758391857147,0.9811917543411255,3.169064521789551,48442
19.302031755447388,0.4260057210922241,0.9814366698265076,3.168966770172119,48371
19.31137180328369,0.42638692259788513,0.981645941734314,3.168863534927368,48401
19.321656227111816,0.42671605944633484,0.9817684888839722,3.1687653064727783,48480
19.331382274627686,0.427051842212677,0.9819310903549194,3.168651580810547,48439
19.341564178466797,0.42738187313079834,0.982184112071991,3.1685070991516113,48348
19.35180425643921,0.4277755916118622,0.982338547706604,3.1683833599090576,48447
19.36232829093933,0.4281364381313324,0.9825372695922852,3.168246269226074,48424
19.37236475944519,0.4284327030181885,0.9827519059181213,3.168081283569336,48382
19.38212251663208,0.42870384454727173,0.9829686880111694,3.167914628982544,48343
19.391608715057373,0.4290120005607605,0.9832231402397156,3.1677157878875732,48363
19.402204275131226,0.429318904876709,0.9834387898445129,3.1675233840942383,48352
19.412044763565063,0.429716020822525,0.9837855100631714,3.167283773422241,48232
19.4214026927948,0.4299977719783783,0.9839867949485779,3.1670472621917725,48338
19.431395769119263,0.43033716082572937,0.9841834306716919,3.1668460369110107,48374
19.441401720046997,0.43065235018730164,0.9844276309013367,3.166625738143921,48338
19.452243089675903,0.43095988035202026,0.9846652746200562,3.1663804054260254,48330
19.46127700805664,0.4313044548034668,0.9848822355270386,3.1660778522491455,48343
19.471341848373413,0.43162184953689575,0.9850898385047913,3.1658244132995605,48353
19.481338262557983,0.43202221393585205,0.9852181077003479,3.1655938625335693,48429
19.49176788330078,0.43233007192611694,0.9853878021240234,3.165316343307495,48378
19.501281023025513,0.43262210488319397,0.9856361150741577,3.1650049686431885,48311
19.51128888130188,0.4329492151737213,0.9858636260032654,3.164658546447754,48324
19.521321773529053,0.43326202034950256,0.9863100051879883,3.1642332077026367,48131
19.5320303440094,0.4335719048976898,0.9865970015525818,3.163879156112671,48221
19.541385412216187,0.43390700221061707,0.9867890477180481,3.1635541915893555,48357
19.551072120666504,0.43419647216796875,0.9870247840881348,3.163172960281372,48255
19.561270236968994,0.43453967571258545,0.9872218370437622,3.162761688232422,48341
19.571764945983887,0.4348917007446289,0.9874391555786133,3.1623597145080566,48305
19.581089973449707,0.4351889193058014,0.987653911113739,3.1619575023651123,48311
19.591237783432007,0.4356185495853424,0.9878362417221069,3.161550760269165,42000
19.601558446884155,0.4359310567378998,0.9880410432815552,3.161149263381958,48386
19.611504554748535,0.43625855445861816,0.9882198572158813,3.1607320308685303,48386
19.621309518814087,0.4365723133087158,0.9886374473571777,3.160142183303833,48386
19.631171226501465,0.43697744607925415,0.9888060092926025,3.1597394943237305,48386
19.641016244888306,0.43725094199180603,0.9890066981315613,3.159252643585205,48386
19.65218734741211,0.4374735951423645,0.9892676472663879,3.1587162017822266,48386
19.661275148391724,0.43776795268058777,0.9893868565559387,3.1582441329956055,48386
19.671559810638428,0.43807145953178406,0.9895166158676147,3.157745122909546,48386
19.682053089141846,0.4384170174598694,0.9897540807723999,3.1572587490081787,48386
19.691638469696045,0.4387645125389099,0.9898607730865479,3.1567869186401367,48386
19.701246976852417,0.43914705514907837,0.9899668097496033,3.1563057899475098,48386
19.711127042770386,0.4395303428173065,0.9899674654006958,3.15579891204834,48386
19.721049785614014,0.43977317214012146,0.9903342127799988,3.155184268951416,48386
19.731446743011475,0.4402581453323364,0.9901881814002991,3.1547436714172363,48386
19.742122411727905,0.4406224489212036,0.9902818202972412,3.1541569232940674,48386
19.752032995224,0.44086337089538574,0.9903423190116882,3.153555393218994,48386
19.762040853500366,0.44129031896591187,0.9902154803276062,3.1529672145843506,48386
19.772068977355957,0.4415835440158844,0.9902617931365967,3.152461290359497,48386
19.781352996826172,0.4418874979019165,0.9903079271316528,3.1518895626068115,48386
19.79167890548706,0.4421995282173157,0.9903717041015625,3.1513185501098633,48386
19.801583766937256,0.44240522384643555,0.9905505776405334,3.1507058143615723,48386
19.811362266540527,0.44262027740478516,0.9906958341598511,3.1500720977783203,48386
19.82182288169861,0.442996621131897,0.9906752705574036,3.149543285369873,48386
19.831861972808838,0.4433091878890991,0.9907351732254028,3.148982524871826,48386
19.841276168823242,0.44364437460899353,0.9907981157302856,3.1483752727508545,48386
19.851685762405396,0.44388407468795776,0.9909695386886597,3.1476640701293945,48386
19.86203384399414,0.44417262077331543,0.9908722639083862,3.1471216678619385,48386
19.87197208404541,0.4444931745529175,0.9909608960151672,3.146458148956299,48386
19.88141703605652,0.444751501083374,0.9909986257553101,3.1458840370178223,48386
19.891674041748047,0.4450470805168152,0.9910645484924316,3.145307779312134,48386
19.901806354522705,0.44529101252555847,0.991105318069458,3.144704580307007,48386
19.912042140960693,0.44550850987434387,0.9912043213844299,3.1441001892089844,48386
19.92134714126587,0.445749431848526,0.9912468791007996,3.143490791320801,48386
19.931214570999146,0.4459165632724762,0.9911851286888123,3.1428651809692383,48386
19.941171884536743,0.446196973323822,0.9913444519042969,3.142116069793701,48386
19.952013969421387,0.4463852047920227,0.9914101362228394,3.1414389610290527,48386
19.962315797805786,0.4466252028942108,0.9914405941963196,3.1407694816589355,48386
19.97157883644104,0.4468114376068115,0.9915869832038879,3.140048027038574,48386
19.981501579284668,0.4470500648021698,0.991466224193573,3.139528274536133,48386
19.991299629211426,0.44725313782691956,0.9915891885757446,3.138820171356201,48386
