timestamp,cur_x,cur_y,cur_z,thrust
0.0022704601287841797,2.0082814693450928,0.006693871226161718,0.5259206891059875,44000
0.007977724075317383,2.0082662105560303,0.006989548914134502,0.5259671807289124,44000
0.014565229415893555,2.0082359313964844,0.007095296401530504,0.525997519493103,44000
0.01990222930908203,2.0082695484161377,0.006773634813725948,0.5259438753128052,44000
0.029572248458862305,2.008281707763672,0.006095532327890396,0.5260177254676819,44000
0.034879446029663086,2.008286476135254,0.0059426589868962765,0.5260290503501892,44000
0.04442596435546875,2.008249282836914,0.006195144262164831,0.5260949730873108,44000
0.05023384094238281,2.0082345008850098,0.007148451637476683,0.5260282158851624,44000
0.06630849838256836,2.0082297325134277,0.00728152459487319,0.5260117650032043,44000
0.07220935821533203,2.008272886276245,0.006898853462189436,0.5259483456611633,44000
0.08143043518066406,2.0082690715789795,0.005852815229445696,0.5260105729103088,44000
0.0873098373413086,2.0082755088806152,0.005749799776822329,0.5259789824485779,44000
0.0968782901763916,2.0082626342773438,0.006184146273881197,0.5260497331619263,44000
0.10315704345703125,2.008234739303589,0.007039286661893129,0.5260080695152283,44000
0.11266303062438965,2.00819993019104,0.007205609697848558,0.526016116142273,44000
0.11874699592590332,2.0082173347473145,0.0068168905563652515,0.5259588956832886,44000
0.13201498985290527,2.0082151889801025,0.006006909534335136,0.5259818434715271,44000
0.13809895515441895,2.008192539215088,0.006039070896804333,0.5258693099021912,44000
0.1475071907043457,2.0082221031188965,0.0061576468870043755,0.5261035561561584,44000
0.15667366981506348,2.0081324577331543,0.0065872687846422195,0.5261936783790588,44000
0.17245101928710938,2.0081145763397217,0.007255556993186474,0.5260269045829773,44000
0.17831969261169434,2.0081183910369873,0.00700944010168314,0.5259435772895813,44000
0.1864771842956543,2.0079798698425293,0.005962950177490711,0.5260461568832397,44000
0.1936357021331787,2.0079140663146973,0.005859570577740669,0.5260743498802185,44000
0.20583105087280273,2.0076961517333984,0.006490494590252638,0.5261956453323364,44000
0.23965215682983398,2.007486343383789,0.006671215873211622,0.5263580679893494,44000
0.28368091583251953,2.007005453109741,0.006673650350421667,0.5262017250061035,44000
0.28994011878967285,2.00673246383667,0.007028150837868452,0.5261843800544739,44000
0.29903292655944824,2.0064282417297363,0.0072810775600373745,0.5262887477874756,44000
0.3076894283294678,2.005995750427246,0.008156774565577507,0.5262682437896729,44000
0.31607747077941895,2.0056591033935547,0.008949210867285728,0.5261664986610413,44000
0.32274436950683594,2.0053632259368896,0.009419817477464676,0.5260980129241943,44000
0.3312211036682129,2.005000114440918,0.009804676286876202,0.5260589718818665,44000
0.33706116676330566,2.004502058029175,0.010511206462979317,0.5262344479560852,44000
0.3455042839050293,2.003964900970459,0.012453367933630943,0.5261617302894592,44000
0.3517286777496338,2.0034289360046387,0.013802977278828621,0.5260745882987976,44000
0.3656578063964844,2.002873420715332,0.01501523982733488,0.5261120796203613,44000
0.3716423511505127,2.0022764205932617,0.016385486349463463,0.5260692834854126,44000
0.38034582138061523,2.001659631729126,0.018375657498836517,0.5258382558822632,44000
0.3860747814178467,2.000999689102173,0.02026783488690853,0.5257925391197205,44000
0.39467573165893555,2.0002968311309814,0.022430766373872757,0.5258200168609619,44000
0.40159177780151367,1.9994020462036133,0.02454117126762867,0.5261245965957642,44000
0.4099733829498291,1.9986419677734375,0.027003930881619453,0.5260367393493652,44000
0.4156467914581299,1.9979877471923828,0.02925192192196846,0.5260521173477173,44000
0.424177885055542,1.997208595275879,0.03216314688324928,0.5259472131729126,44000
0.42955613136291504,1.9961987733840942,0.03477343171834946,0.5260633230209351,44000
0.4380357265472412,1.9951452016830444,0.037996016442775726,0.5261372327804565,44000
0.44372010231018066,1.9943196773529053,0.04116421937942505,0.5262794494628906,44000
0.4522106647491455,1.9933030605316162,0.044015876948833466,0.5262853503227234,44000
0.45913195610046387,1.9922388792037964,0.04736975580453873,0.5263522267341614,44000
0.469036340713501,1.9912971258163452,0.05014334246516228,0.5262866616249084,44000
0.4745514392852783,1.9901926517486572,0.054362401366233826,0.5264506340026855,44000
0.48456645011901855,1.9890024662017822,0.057790033519268036,0.5266822576522827,44000
0.49242329597473145,1.9878926277160645,0.062180306762456894,0.5268111824989319,44000
0.503814697265625,1.9868594408035278,0.06606465578079224,0.5267158150672913,44000
0.5100080966949463,1.9856200218200684,0.06913764029741287,0.5269460678100586,44000
0.5189085006713867,1.9844013452529907,0.07247424125671387,0.5270281434059143,44000
0.5260417461395264,1.9834016561508179,0.07672643661499023,0.5271556973457336,44000
0.5368456840515137,1.982061505317688,0.08154930174350739,0.5272850394248962,44000
0.5424468517303467,1.9809601306915283,0.08620776981115341,0.5274652242660522,44000
0.551283597946167,1.97970712184906,0.0906994640827179,0.5274783372879028,44000
0.5566542148590088,1.9785035848617554,0.09394869208335876,0.5276283621788025,44000
0.5651357173919678,1.9770901203155518,0.0977148562669754,0.5280091166496277,44000
0.5707669258117676,1.9758310317993164,0.10217984020709991,0.528226912021637,44000
0.57901930809021,1.9746521711349487,0.10728368163108826,0.5282262563705444,44000
0.5846817493438721,1.9732683897018433,0.1125367134809494,0.5284658074378967,44000
0.5932435989379883,1.9720226526260376,0.11717827618122101,0.5285236835479736,44000
0.5985226631164551,1.9706315994262695,0.12104681134223938,0.5288691520690918,44000
0.6088531017303467,1.9693495035171509,0.1253795325756073,0.529050886631012,44000
0.6210746765136719,1.9680529832839966,0.13073976337909698,0.5292958617210388,44000
0.629143476486206,1.9666887521743774,0.13518883287906647,0.5295597314834595,44000
0.6396920680999756,1.9653161764144897,0.14085949957370758,0.5297094583511353,44000
0.650672435760498,1.9639490842819214,0.14555194973945618,0.5300207734107971,44000
0.6593000888824463,1.9626736640930176,0.1501479297876358,0.5301536917686462,44000
0.6684682369232178,1.9613878726959229,0.15562832355499268,0.530472457408905,44000
0.680595874786377,1.9599944353103638,0.16009145975112915,0.5307891368865967,44000
0.6896960735321045,1.9586418867111206,0.165908083319664,0.5308491587638855,44000
0.6993699073791504,1.9571895599365234,0.17094576358795166,0.5313323736190796,44000
0.7090950012207031,1.9559578895568848,0.17660517990589142,0.531557559967041,44000
0.7197184562683105,1.954628825187683,0.18169496953487396,0.5316783785820007,44000
0.730933427810669,1.9532274007797241,0.187456414103508,0.5319685935974121,44000
0.7419648170471191,1.9519482851028442,0.19255711138248444,0.5323129892349243,44000
0.7488267421722412,1.9505175352096558,0.19811895489692688,0.5326617956161499,44000
0.7585077285766602,1.949288249015808,0.20339259505271912,0.5328792929649353,44000
0.7690787315368652,1.9478662014007568,0.20907998085021973,0.5331128835678101,44000
0.7793600559234619,1.9467353820800781,0.21491912007331848,0.5333629846572876,44000
0.7885589599609375,1.9454295635223389,0.22101251780986786,0.5335099697113037,44000
0.7982778549194336,1.9439743757247925,0.22650615870952606,0.53382408618927,44000
0.8093321323394775,1.9427398443222046,0.23251643776893616,0.5342199802398682,44000
0.8182435035705566,1.941462516784668,0.23867672681808472,0.5343620181083679,44000
0.828420877456665,1.9402073621749878,0.2438298463821411,0.5346662998199463,44000
0.8410317897796631,1.939013957977295,0.25019875168800354,0.5348804593086243,44000
0.8500161170959473,1.9376856088638306,0.25633078813552856,0.5350480675697327,44000
0.8607258796691895,1.93654465675354,0.2630164325237274,0.5352477431297302,44000
0.8703036308288574,1.935267686843872,0.2687212824821472,0.535643994808197,44000
0.8804075717926025,1.9339531660079956,0.27464228868484497,0.5359277725219727,44000
0.8887100219726562,1.932951807975769,0.28112271428108215,0.5361365675926208,44000
0.9131135940551758,1.9316753149032593,0.2871227264404297,0.5362239480018616,44000
0.9164276123046875,1.9306703805923462,0.29364416003227234,0.5365030169487,44000
0.9267721176147461,1.9293878078460693,0.3005926311016083,0.5366883873939514,44000
0.9339513778686523,1.9283589124679565,0.3074232339859009,0.5369689464569092,43730
0.9385945796966553,1.9271475076675415,0.3141891062259674,0.5371015071868896,43593
0.9482824802398682,1.9261479377746582,0.320512056350708,0.5372910499572754,43740
0.9590160846710205,1.925004005432129,0.32640647888183594,0.5374776124954224,44000
0.9690651893615723,1.9240609407424927,0.333368718624115,0.5375837087631226,42926
0.9799888134002686,1.9229174852371216,0.3404786288738251,0.5378288626670837,42474
0.9905967712402344,1.92203950881958,0.3471522033214569,0.5380721092224121,43103
1.0018484592437744,1.920853853225708,0.35425135493278503,0.5381743907928467,42170
1.0134201049804688,1.9201862812042236,0.361120343208313,0.5384223461151123,42473
1.0194611549377441,1.9191031455993652,0.3679097592830658,0.5385420918464661,42384
1.029676914215088,1.918296456336975,0.374950110912323,0.5387746691703796,41980
1.04103422164917,1.9171855449676514,0.3817332684993744,0.5389069318771362,42087
1.052588701248169,1.9163405895233154,0.3890193700790405,0.5389332175254822,41229
1.0595686435699463,1.9155157804489136,0.3965723514556885,0.5391026139259338,40534
1.0688226222991943,1.9146790504455566,0.40355417132377625,0.5392377376556396,41385
1.0804286003112793,1.9138562679290771,0.41057905554771423,0.5394194722175598,41183
1.0884268283843994,1.913041114807129,0.41706717014312744,0.5396178960800171,41870
1.0983080863952637,1.9122346639633179,0.4245026409626007,0.5398203730583191,40247
1.108537197113037,1.9115089178085327,0.431933730840683,0.5399941802024841,39992
1.1181409358978271,1.9108110666275024,0.4391561448574066,0.5400066375732422,40241
1.1289448738098145,1.910130262374878,0.4463079273700714,0.5402284264564514,40192
1.1396124362945557,1.9094879627227783,0.45359301567077637,0.5403178930282593,39848
1.1482248306274414,1.9087401628494263,0.460888147354126,0.5404567122459412,39669
1.1600346565246582,1.9080383777618408,0.4679744243621826,0.540561854839325,39854
1.168776512145996,1.9074081182479858,0.47506439685821533,0.5407549142837524,39679
1.1790494918823242,1.906726598739624,0.48218458890914917,0.5408963561058044,39472
1.1890854835510254,1.9062061309814453,0.48934614658355713,0.5408994555473328,39279
1.1990511417388916,1.905664324760437,0.4963432252407074,0.541043758392334,39349
1.2084355354309082,1.9050887823104858,0.5038228631019592,0.5410583019256592,38478
1.2206668853759766,1.9045805931091309,0.5110899806022644,0.5413195490837097,38683
1.2296500205993652,1.9040337800979614,0.5183225274085999,0.5413172841072083,38539
1.2395262718200684,1.903603196144104,0.5251743793487549,0.5415127277374268,39025
1.249175786972046,1.9031797647476196,0.5321451425552368,0.5415729880332947,38691
1.2595417499542236,1.9026895761489868,0.5390751361846924,0.5416537523269653,38594
1.269432783126831,1.9022315740585327,0.5461545586585999,0.541854202747345,38249
1.278484582901001,1.9018563032150269,0.5531246066093445,0.5421213507652283,38219
1.2903013229370117,1.9015648365020752,0.5600646734237671,0.5424032211303711,38144
1.2997090816497803,1.9011211395263672,0.5666447281837463,0.5424036979675293,38601
1.3107526302337646,1.9007779359817505,0.5736818313598633,0.5425347685813904,37735
1.3182663917541504,1.9005000591278076,0.5804427862167358,0.5427467226982117,37999
1.3289272785186768,1.9000786542892456,0.586794376373291,0.5427952408790588,38520
1.3394739627838135,1.8996790647506714,0.593303918838501,0.5428540706634521,38144
1.3489058017730713,1.8995379209518433,0.5997961759567261,0.5430518388748169,37998
1.360626459121704,1.8992267847061157,0.606104850769043,0.5432348251342773,37941
1.3707201480865479,1.8988386392593384,0.6126956343650818,0.5432199239730835,37782
1.3793346881866455,1.8986793756484985,0.6191356778144836,0.5433558821678162,37548
1.3890957832336426,1.8984503746032715,0.625604510307312,0.5434584021568298,37631
1.3984251022338867,1.8981086015701294,0.6319130659103394,0.5435376167297363,37642
1.4107248783111572,1.8979859352111816,0.6377942562103271,0.5437801480293274,38223
1.4745733737945557,1.8976682424545288,0.6435770988464355,0.5438339710235596,38173
1.491915225982666,1.8976554870605469,0.6496018171310425,0.5440244674682617,37721
1.4993960857391357,1.8973445892333984,0.655472993850708,0.5441930294036865,37772
1.5102787017822266,1.8971704244613647,0.66165691614151,0.5443331599235535,37205
1.5165982246398926,1.896983027458191,0.667290449142456,0.5444003343582153,37932
1.525306224822998,1.8967955112457275,0.6729928255081177,0.544524610042572,37703
1.5319571495056152,1.8966940641403198,0.678535521030426,0.5446633100509644,37869
1.5402476787567139,1.8964917659759521,0.6839414238929749,0.5448180437088013,37910
1.5462687015533447,1.8963558673858643,0.6894981265068054,0.5449027419090271,37603
1.5550012588500977,1.896282434463501,0.6946144700050354,0.5450285077095032,38080
1.5604052543640137,1.8961774110794067,0.7003378868103027,0.5451889634132385,37168
1.5688724517822266,1.8960758447647095,0.7052534222602844,0.5453669428825378,38267
1.5743796825408936,1.8957703113555908,0.7104306221008301,0.5453619360923767,37759
1.5831124782562256,1.8958678245544434,0.7154417634010315,0.5455063581466675,37857
1.5888822078704834,1.8957194089889526,0.7203745245933533,0.5456090569496155,37881
1.5975632667541504,1.8955986499786377,0.7253021001815796,0.5457156300544739,37843
1.6031436920166016,1.895514726638794,0.7301687598228455,0.5459019541740417,37784
1.6116557121276855,1.8955237865447998,0.7348151803016663,0.5460918545722961,38072
1.6169376373291016,1.8954335451126099,0.7397586703300476,0.5462146401405334,37465
1.6255693435668945,1.8953737020492554,0.7442106604576111,0.5463215112686157,38158
1.6312317848205566,1.8952727317810059,0.748546838760376,0.5464658737182617,38243
1.6396567821502686,1.8953102827072144,0.7529121041297913,0.5466020703315735,38093
1.6454906463623047,1.8952445983886719,0.7577511668205261,0.5467486381530762,37246
1.654360055923462,1.895219087600708,0.7614836096763611,0.5470631122589111,38953
1.661086082458496,1.8951460123062134,0.7660892009735107,0.5470257997512817,37464
1.6694450378417969,1.8952069282531738,0.7702877521514893,0.5472621321678162,37942
1.6804225444793701,1.8952701091766357,0.7739394903182983,0.5474106669425964,38804
1.692324161529541,1.8952068090438843,0.7784091234207153,0.5475648045539856,37414
1.6986329555511475,1.8951245546340942,0.7822257280349731,0.5477080941200256,38328
1.7094228267669678,1.8952122926712036,0.78608238697052,0.5478994250297546,38223
1.7193903923034668,1.895267367362976,0.7899335026741028,0.548080325126648,38124
1.729963779449463,1.8954747915267944,0.7933675050735474,0.5482686758041382,38721
1.741098165512085,1.8953815698623657,0.7972574234008789,0.5484032034873962,37911
1.7508609294891357,1.8955559730529785,0.8006283044815063,0.5486300587654114,38655
1.7621512413024902,1.8955200910568237,0.8046031594276428,0.5487856268882751,37595
1.768676996231079,1.8955854177474976,0.8081667423248291,0.5489969849586487,38211
1.7790265083312988,1.8958579301834106,0.8110154867172241,0.5492311716079712,39292
1.7889404296875,1.8957728147506714,0.8146362900733948,0.5493817925453186,37959
1.7993831634521484,1.8960517644882202,0.8177680373191833,0.5495544075965881,38680
1.8099677562713623,1.8960609436035156,0.8211808204650879,0.5497608780860901,38138
1.8208584785461426,1.8962007761001587,0.8244726657867432,0.5499951839447021,38270
1.828458309173584,1.8962934017181396,0.827682614326477,0.5502721667289734,38291
1.838977575302124,1.8966302871704102,0.8305254578590393,0.5505106449127197,38848
1.848233938217163,1.8966374397277832,0.8336211442947388,0.5506449937820435,38382
1.8593089580535889,1.8969058990478516,0.8363812565803528,0.550957202911377,38865
1.869994878768921,1.8970017433166504,0.8395444750785828,0.5511437058448792,38121
1.8785300254821777,1.8972283601760864,0.841964840888977,0.5514791011810303,39265
1.8933470249176025,1.8973019123077393,0.8452081680297852,0.5516380071640015,37868
1.8994064331054688,1.89755380153656,0.8476713299751282,0.5519227385520935,39032
1.908456563949585,1.8977757692337036,0.8501819372177124,0.5522197484970093,38951
1.9185044765472412,1.8979657888412476,0.8529060482978821,0.5524846315383911,38538
1.935145616531372,1.8981430530548096,0.8560089468955994,0.5526984930038452,37861
1.940669298171997,1.8983570337295532,0.8582748770713806,0.552940845489502,39142
1.9501781463623047,1.8986908197402954,0.8606462478637695,0.5532418489456177,38936
1.9619085788726807,1.898928165435791,0.8630733489990234,0.5534898638725281,38775
1.9723682403564453,1.8992985486984253,0.8655116558074951,0.5538222789764404,38671
1.9792561531066895,1.899415373802185,0.8680872321128845,0.5540399551391602,38421
1.989570140838623,1.899660348892212,0.8703582882881165,0.5543202757835388,38886
1.9981412887573242,1.9000788927078247,0.8726092576980591,0.5545858144760132,38841
2.010831117630005,1.900300145149231,0.8748438954353333,0.5548684000968933,38798
2.0216948986053467,1.9006279706954956,0.876990020275116,0.5551518797874451,38906
2.0298233032226562,1.9008878469467163,0.879112184047699,0.5553960204124451,38870
2.038381814956665,1.9012017250061035,0.8812172412872314,0.5556602478027344,38864
2.0482096672058105,1.901441216468811,0.8834496736526489,0.5559141635894775,38657
2.0617268085479736,1.9017307758331299,0.8853670358657837,0.556158185005188,39043
2.068596124649048,1.902048945426941,0.8873964548110962,0.5564315915107727,38840
2.0804026126861572,1.902382731437683,0.8893746733665466,0.556731641292572,38855
2.0903427600860596,1.9027048349380493,0.8910953998565674,0.556934654712677,39246
2.098085880279541,1.903079628944397,0.8932785987854004,0.5572223663330078,38462
2.1096630096435547,1.9033453464508057,0.8950729966163635,0.5575483441352844,39034
2.1198859214782715,1.9036574363708496,0.8968559503555298,0.5577428936958313,39070
2.1306445598602295,1.9039803743362427,0.8987864255905151,0.5581055879592896,38701
2.138514995574951,1.9043219089508057,0.9002953171730042,0.558376133441925,39360
2.148158550262451,1.9046604633331299,0.9019672274589539,0.5586475133895874,39057
2.1593434810638428,1.9050132036209106,0.9037628769874573,0.5590009689331055,38813
2.1693880558013916,1.9053096771240234,0.9052606821060181,0.5592736005783081,39282
2.179446220397949,1.9057369232177734,0.9069902300834656,0.5596586465835571,38874
2.190767288208008,1.9060752391815186,0.9086431264877319,0.5598852634429932,38931
2.20074200630188,1.9063748121261597,0.9098266959190369,0.5602313876152039,39657
2.2117888927459717,1.9068008661270142,0.9114403128623962,0.5605603456497192,38926
2.2188432216644287,1.9071605205535889,0.9130292534828186,0.5607969760894775,38919
2.2288429737091064,1.907448410987854,0.9141457676887512,0.5610978007316589,39679
2.239661693572998,1.9077080488204956,0.9160501956939697,0.5614606738090515,38366
2.2504968643188477,1.9080979824066162,0.91730135679245,0.5616889595985413,39363
2.259406089782715,1.908416986465454,0.9185730218887329,0.5618487596511841,39339
2.2693593502044678,1.9087753295898438,0.9197579622268677,0.5621406435966492,39409
2.2793493270874023,1.909127116203308,0.9211167693138123,0.5624954104423523,39091
2.2904231548309326,1.9095163345336914,0.9224928617477417,0.5627443790435791,39044
2.299078941345215,1.9098353385925293,0.923429012298584,0.5629955530166626,39750
2.3108298778533936,1.9101665019989014,0.925041913986206,0.5632688999176025,38632
2.31856107711792,1.9105404615402222,0.9260468482971191,0.5635335445404053,39541
2.328226327896118,1.9108693599700928,0.9270264506340027,0.5637750029563904,39579
2.3412880897521973,1.9111744165420532,0.928352952003479,0.5639358758926392,38976
2.348588705062866,1.9115992784500122,0.929529070854187,0.5642827153205872,39191
2.358578681945801,1.9119644165039062,0.9306665062904358,0.5645357370376587,39244
2.3694586753845215,1.9122735261917114,0.9315168857574463,0.5647884607315063,39693
2.3784172534942627,1.912644624710083,0.9324598908424377,0.564971923828125,39516
2.3881187438964844,1.9130643606185913,0.9335526823997498,0.565247118473053,39227
2.39851450920105,1.9134399890899658,0.9344435930252075,0.5656216740608215,39520
2.415771722793579,1.9137035608291626,0.935474157333374,0.5658631920814514,39292
2.430485248565674,1.9140962362289429,0.9363531470298767,0.5661147236824036,39519
2.43707013130188,1.9144304990768433,0.9372773170471191,0.5663312077522278,39437
2.459979295730591,1.914777398109436,0.938256025314331,0.5666083097457886,39312
2.4688496589660645,1.915139079093933,0.9389711618423462,0.5668485760688782,39703
2.4797279834747314,1.9154731035232544,0.9398926496505737,0.5670146346092224,39357
2.490846872329712,1.9158592224121094,0.9404222369194031,0.5672809481620789,39961
2.5030312538146973,1.9161869287490845,0.9414147734642029,0.5674803256988525,39211
2.5141284465789795,1.9165560007095337,0.9420345425605774,0.5677010416984558,39785
2.5276291370391846,1.9169328212738037,0.9429033398628235,0.5679822564125061,39386
2.5605621337890625,1.9172619581222534,0.9435185790061951,0.5681816339492798,39760
2.587754726409912,1.9176040887832642,0.9442729353904724,0.5683949589729309,39522
2.5951895713806152,1.917955994606018,0.9448907971382141,0.5685510635375977,39719
2.604750871658325,1.918332576751709,0.9456489682197571,0.5687869787216187,39486
2.6114437580108643,1.9186820983886719,0.94635009765625,0.5689740777015686,39557
2.6230690479278564,1.9190645217895508,0.9468573927879333,0.5691370964050293,39880
2.6294147968292236,1.9194380044937134,0.9475529789924622,0.5693331956863403,39531
2.644632577896118,1.9198153018951416,0.9479559659957886,0.5695092082023621,39991
2.6526708602905273,1.9201890230178833,0.9486052989959717,0.5697028040885925,39594
2.6635234355926514,1.9205105304718018,0.9490651488304138,0.5699009299278259,39872
2.6747281551361084,1.9207860231399536,0.9496345520019531,0.570033609867096,39695
2.682281017303467,1.9211505651474,0.950239896774292,0.5702265501022339,39617
2.6910579204559326,1.921555995941162,0.9507943987846375,0.5703631043434143,39693
2.699272871017456,1.9219309091567993,0.9511429667472839,0.5705607533454895,40007
2.7142269611358643,1.9222761392593384,0.9516216516494751,0.5707159638404846,39787
2.7303595542907715,1.9226837158203125,0.9521088600158691,0.570858359336853,39762
2.7567436695098877,1.923039436340332,0.9524161219596863,0.5710347294807434,40049
2.7680108547210693,1.923364520072937,0.9527492523193359,0.5711703896522522,40003
2.782172203063965,1.9236899614334106,0.9530366063117981,0.571343183517456,40057
2.791579246520996,1.9240494966506958,0.9534392952919006,0.5714757442474365,39862
2.8088488578796387,1.9248318672180176,0.9543673992156982,0.5717833638191223,39667
2.8163833618164062,1.9251682758331299,0.9546083807945251,0.5719645023345947,40103
2.831880807876587,1.9255107641220093,0.9549928307533264,0.5720943212509155,39876
2.837806463241577,1.9258601665496826,0.9551068544387817,0.5721824765205383,40288
2.8514318466186523,1.926254391670227,0.9555608034133911,0.5722785592079163,39742
2.863417625427246,1.9266259670257568,0.9557367563247681,0.5724591016769409,40173
2.8705029487609863,1.9269428253173828,0.9560142159461975,0.5725626349449158,40010
2.8802378177642822,1.9273455142974854,0.9561169147491455,0.5727277994155884,40289
2.8883464336395264,1.9276760816574097,0.9564104676246643,0.5728155970573425,39978
2.89744234085083,1.928056240081787,0.9564043879508972,0.572916567325592,40460
2.9036288261413574,1.9283682107925415,0.956861138343811,0.5730197429656982,39706
2.912722587585449,1.9287580251693726,0.9568620920181274,0.5731459856033325,40434
2.9193649291992188,1.9291373491287231,0.957301914691925,0.573264479637146,39725
2.929245710372925,1.9295018911361694,0.9572558403015137,0.5733384490013123,40500
2.9348034858703613,1.9299263954162598,0.9574856758117676,0.5734837651252747,40055
2.945939064025879,1.930324912071228,0.9576159119606018,0.5735477805137634,40223
2.953091621398926,1.9306832551956177,0.9578673839569092,0.5736460089683533,40015
2.961315631866455,1.931007742881775,0.9579111933708191,0.5737384557723999,40351
2.966813564300537,1.9313002824783325,0.9580774903297424,0.5738271474838257,40143
2.9774656295776367,1.9316622018814087,0.9581785798072815,0.5738596320152283,40244
2.9832420349121094,1.9320058822631836,0.9583033323287964,0.5739243030548096,40206
2.99159836769104,1.9324352741241455,0.9582388401031494,0.5741434693336487,40513
2.997706413269043,1.9328868389129639,0.9583832025527954,0.5742552876472473,40179
3.0063436031341553,1.9332704544067383,0.958541989326477,0.5743348598480225,40159
3.0131921768188477,1.9336295127868652,0.958654522895813,0.5743973851203918,40232
3.022331476211548,1.933966875076294,0.9587053656578064,0.574440598487854,40322
3.0299336910247803,1.9343000650405884,0.9587928652763367,0.5744897723197937,40258
3.038447141647339,1.9346566200256348,0.9589036703109741,0.574582040309906,40220
3.0451791286468506,1.9350361824035645,0.9590581059455872,0.5746069550514221,40153
3.053921937942505,1.9354774951934814,0.9592270255088806,0.5747610926628113,40129
3.059987783432007,1.9358398914337158,0.9593843221664429,0.5748355388641357,40144
3.0677037239074707,1.9362369775772095,0.9595214128494263,0.5748724341392517,40171
3.073556661605835,1.936618447303772,0.959565281867981,0.5749190449714661,40318
3.08304500579834,1.9370160102844238,0.9597436189651489,0.5750013589859009,40101
3.090505838394165,1.937394142150879,0.9599862098693848,0.5750752687454224,39994
3.099555730819702,1.9377562999725342,0.9601727724075317,0.5751550793647766,40083
3.108628034591675,1.9381389617919922,0.9603366255760193,0.5752347707748413,40116
3.1168601512908936,1.9384608268737793,0.9604194164276123,0.5752718448638916,40245
3.123723030090332,1.938811182975769,0.9604792594909668,0.5753287076950073,40278
3.131927251815796,1.9391852617263794,0.9605858325958252,0.5754097104072571,40197
3.138510227203369,1.9396021366119385,0.9607580900192261,0.5754727721214294,40092
3.1462008953094482,1.939996361732483,0.9609565734863281,0.575539767742157,40048
3.1529927253723145,1.9404425621032715,0.9610209465026855,0.5756304264068604,40265
3.1621861457824707,1.9408046007156372,0.9611836671829224,0.5756670832633972,40112
3.1683132648468018,1.9411050081253052,0.9612300395965576,0.5757392644882202,40284
3.1767799854278564,1.941467523574829,0.9613149762153625,0.575803816318512,40222
3.1838338375091553,1.9418367147445679,0.9613751173019409,0.575904905796051,40259
3.1928725242614746,1.9421192407608032,0.9614655375480652,0.5760985612869263,40216
3.2016384601593018,1.9425134658813477,0.9615375399589539,0.5761903524398804,40235
3.209465503692627,1.9429175853729248,0.9617345929145813,0.576302170753479,40035
3.218362331390381,1.9432867765426636,0.961625874042511,0.5763554573059082,40531
3.2305526733398438,1.9437037706375122,0.9620745778083801,0.5763167142868042,39630
3.2424581050872803,1.9440720081329346,0.9622905850410461,0.5765194296836853,39996
3.24983286857605,1.9445041418075562,0.962562084197998,0.5767858624458313,39900
3.2584993839263916,1.944863200187683,0.962626039981842,0.5768827199935913,40231
3.26839280128479,1.9451823234558105,0.9628515243530273,0.576956570148468,39970
3.2787468433380127,1.9455571174621582,0.962904155254364,0.5770520567893982,40244
3.2886834144592285,1.9459089040756226,0.9630196690559387,0.5771486759185791,40140
3.2993855476379395,1.9463157653808594,0.963225781917572,0.577247142791748,39991
3.310312509536743,1.9467087984085083,0.9634066224098206,0.5773328542709351,40027
3.318837881088257,1.9471490383148193,0.9636837840080261,0.5773923993110657,39867
3.3297741413116455,1.9475300312042236,0.9636286497116089,0.5775201320648193,40400
3.3383984565734863,1.9478739500045776,0.963811457157135,0.5776249170303345,40019
3.348076105117798,1.9482184648513794,0.9637929201126099,0.57778400182724,40341
3.3610429763793945,1.9485348463058472,0.9639953374862671,0.5778985023498535,39979
3.371363401412964,1.9489259719848633,0.9641314148902893,0.5780474543571472,40084
3.3782713413238525,1.9493412971496582,0.9644543528556824,0.5781546235084534,39775
3.393648386001587,1.9497052431106567,0.9645795822143555,0.5782458782196045,40092
3.401014566421509,1.9501240253448486,0.9647295475006104,0.5784143209457397,40048
3.41099214553833,1.9505308866500854,0.9649327993392944,0.5785092711448669,39957
3.4185121059417725,1.9508939981460571,0.9649837613105774,0.5786284804344177,40201
3.4283790588378906,1.9512284994125366,0.9652579426765442,0.5787786841392517,39840
3.4385154247283936,1.9515891075134277,0.9654215574264526,0.5789301991462708,40012
3.44992733001709,1.9519095420837402,0.9656102657318115,0.5790542960166931,39964
3.4599697589874268,1.9522968530654907,0.9655510783195496,0.5791810154914856,40365
3.4737534523010254,1.9526363611221313,0.9657074809074402,0.5792720317840576,40014
3.479748249053955,1.9529786109924316,0.9658061861991882,0.5794797539710999,40108
3.491640329360962,1.9533509016036987,0.9658997058868408,0.5795730948448181,40111
3.499581813812256,1.9537478685379028,0.9661808013916016,0.5796809792518616,39807
3.50929594039917,1.954138159751892,0.9661809802055359,0.5797626376152039,40254
3.5185351371765137,1.9544156789779663,0.9663249254226685,0.5798864364624023,40022
3.5299909114837646,1.9548090696334839,0.9663724303245544,0.5801016688346863,40176
3.5382978916168213,1.9551957845687866,0.966640830039978,0.5803046226501465,39814
3.549452304840088,1.9555128812789917,0.9666569828987122,0.580435037612915,40221
3.5588183403015137,1.955849051475525,0.9667894244194031,0.5805608034133911,40030
3.5697319507598877,1.9562064409255981,0.9668763279914856,0.5806412696838379,40103
3.580965757369995,1.9565961360931396,0.9668493270874023,0.5808089971542358,40285
3.5884103775024414,1.9569298028945923,0.9669490456581116,0.5809513926506042,40079
3.59843111038208,1.9573054313659668,0.9670234322547913,0.5810982584953308,40120
3.609743595123291,1.9576834440231323,0.9671798944473267,0.5812360644340515,39983
3.6214332580566406,1.9580285549163818,0.9672401547431946,0.5813202857971191,40140
3.629075050354004,1.9583417177200317,0.9671990275382996,0.5814056396484375,40301
3.6382970809936523,1.9586859941482544,0.9672696590423584,0.5815523862838745,40120
3.649519205093384,1.9590072631835938,0.9672107696533203,0.581720769405365,40327
3.6608386039733887,1.9593944549560547,0.9673199653625488,0.5818716883659363,40054
3.6693501472473145,1.9597513675689697,0.9672552347183228,0.5819960236549377,40336
3.683558225631714,1.9600967168807983,0.9673632979393005,0.5821027755737305,40060
3.6920077800750732,1.9604145288467407,0.9671541452407837,0.582207441329956,40575
3.6989142894744873,1.9608105421066284,0.9671285152435303,0.5823097825050354,40277
3.7086243629455566,1.9612020254135132,0.9672029614448547,0.5824472308158875,40118
3.7241153717041016,1.9615734815597534,0.9672923684120178,0.5825827717781067,40094
3.7289557456970215,1.9618778228759766,0.9674552083015442,0.582711935043335,39973
3.741361141204834,1.9621747732162476,0.9673163890838623,0.5828527808189392,40458
3.7560622692108154,1.9625180959701538,0.9673798084259033,0.5829616189002991,40129
3.7640442848205566,1.9629220962524414,0.9672994017601013,0.5831161141395569,40368
3.7685728073120117,1.9632885456085205,0.9674152731895447,0.583236813545227,40044
3.781348466873169,1.9636343717575073,0.967595100402832,0.5833743214607239,39947
3.788756847381592,1.96402907371521,0.967628538608551,0.5834506154060364,40179
3.7982912063598633,1.9643402099609375,0.9676655530929565,0.583526074886322,40173
3.80837345123291,1.964740514755249,0.9675077795982361,0.5836473703384399,40494
3.8184258937835693,1.9650603532791138,0.9675199389457703,0.5837239623069763,40215
3.8285093307495117,1.9653913974761963,0.9675390124320984,0.5838280916213989,40205
3.839136838912964,1.965753197669983,0.967449426651001,0.5840074419975281,40382
3.8491897583007812,1.9660674333572388,0.9676623344421387,0.5840890407562256,39897
3.862339496612549,1.9664114713668823,0.9675120115280151,0.5841848254203796,40493
3.8688180446624756,1.9667062759399414,0.9675539135932922,0.5842299461364746,40172
3.878380298614502,1.9671074151992798,0.9672541618347168,0.5843939185142517,40731
3.892580986022949,1.9674426317214966,0.9672037959098816,0.5845251083374023,40325
3.898993968963623,1.9677984714508057,0.9672585129737854,0.5846134424209595,40168
3.9094839096069336,1.9681655168533325,0.967203676700592,0.5847061276435852,40341
3.9227945804595947,1.9685242176055908,0.9671180844306946,0.5847951173782349,40396
3.929452657699585,1.9688156843185425,0.967091977596283,0.584855318069458,40315
3.938621759414673,1.969140648841858,0.9669671654701233,0.5849720239639282,40463
3.9494590759277344,1.9695161581039429,0.9671224355697632,0.5850690603256226,40003
3.9593260288238525,1.9698725938796997,0.9671946167945862,0.5851470828056335,40138
3.9728736877441406,1.9701963663101196,0.9671117663383484,0.5852170586585999,40387
3.9856162071228027,1.9705013036727905,0.9671636819839478,0.5852821469306946,40182
3.9970860481262207,1.97083580493927,0.9669643044471741,0.5853786468505859,40581
4.006878614425659,1.9712026119232178,0.9668327569961548,0.5854925513267517,40473
4.016655683517456,1.9715908765792847,0.966937243938446,0.5855833888053894,40099
4.024588584899902,1.971955418586731,0.966891884803772,0.5857035517692566,40336
4.034589529037476,1.9723498821258545,0.9669166207313538,0.5857839584350586,40216
4.0442795753479,1.9727073907852173,0.966959536075592,0.5858988761901855,40194
4.0535547733306885,1.9729944467544556,0.9666818380355835,0.5859453678131104,40714
4.073814392089844,1.9732941389083862,0.9666863083839417,0.5860269069671631,40263
4.081946611404419,1.9736883640289307,0.9667585492134094,0.5861036777496338,40156
4.092072248458862,1.9741376638412476,0.9669545888900757,0.5862414240837097,39946
4.103307485580444,1.9744806289672852,0.9671157002449036,0.586276650428772,40001
4.120977878570557,1.9748624563217163,0.9669862985610962,0.5863576531410217,40466
4.134470224380493,1.9752302169799805,0.9670265913009644,0.5863925218582153,40189
4.150942087173462,1.9756158590316772,0.9670329093933105,0.5864758491516113,40252
4.159132480621338,1.9760076999664307,0.9668970704078674,0.5865646600723267,40480
4.168924570083618,1.9763134717941284,0.9670231938362122,0.5866350531578064,40059
4.1832275390625,1.976698875427246,0.9671403765678406,0.586661159992218,40079
4.195878267288208,1.977080225944519,0.967124342918396,0.5867036581039429,40278
4.210643291473389,1.977434754371643,0.967185378074646,0.5867641568183899,40155
4.220002889633179,1.9778350591659546,0.967299222946167,0.5867615938186646,40059
4.232668161392212,1.9782415628433228,0.967260479927063,0.5868525505065918,40322
4.249824047088623,1.9785571098327637,0.9673892259597778,0.5868826508522034,40042
4.258088827133179,1.978929042816162,0.9673694968223572,0.5868948101997375,40289
4.2671308517456055,1.9793660640716553,0.9671149253845215,0.5870139002799988,40664
4.279855251312256,1.9796812534332275,0.9673296213150024,0.5870388150215149,39903
4.288846254348755,1.9800713062286377,0.9673604965209961,0.5870585441589355,40212
4.299415588378906,1.980443000793457,0.9673964381217957,0.587118923664093,40187
4.312541723251343,1.980811595916748,0.9675466418266296,0.5871443152427673,40010
4.342166900634766,1.9811888933181763,0.9674864411354065,0.5871232151985168,40349
4.348359823226929,1.9815235137939453,0.9674864411354065,0.5871408581733704,40244
4.372159004211426,1.981863021850586,0.96758633852005,0.5871405005455017,40084
4.398044586181641,1.9822285175323486,0.9676759243011475,0.587170422077179,40100
4.425336599349976,1.9832265377044678,0.9679200053215027,0.587196946144104,40309
4.446810007095337,1.9839520454406738,0.9679288864135742,0.5871668457984924,40170
4.502831220626831,1.9859552383422852,0.9682652950286865,0.5870987772941589,40099
4.51108980178833,1.9862819910049438,0.968294620513916,0.587100088596344,40188
4.5824244022369385,1.988490104675293,0.9690731167793274,0.5869538187980652,40220
4.599141597747803,1.9890629053115845,0.9693337082862854,0.586890459060669,40309
4.650690793991089,1.9904309511184692,0.9698379039764404,0.5866170525550842,39885
4.661720275878906,1.9906953573226929,0.9699553847312927,0.5865341424942017,40016
4.7848145961761475,1.9938973188400269,0.9715576171875,0.5851831436157227,39876
4.8090925216674805,1.9946430921554565,0.9721936583518982,0.5846898555755615,39455
4.820390224456787,1.994936466217041,0.972374439239502,0.5845109820365906,39852
4.831056356430054,1.9951927661895752,0.9724831581115723,0.5843383073806763,39960
4.857700347900391,1.9956945180892944,0.9727528691291809,0.5838899612426758,40070
4.865164041519165,1.9959609508514404,0.9730168581008911,0.5837171673774719,39703
4.882722616195679,1.9964152574539185,0.9734671711921692,0.5832061171531677,39953
4.890825033187866,1.9966224431991577,0.9736025333404541,0.582981526851654,39891
4.899376630783081,1.9968712329864502,0.973873496055603,0.5827120542526245,39686
4.911289930343628,1.9970661401748657,0.9740630984306335,0.5824591517448425,39810
4.919665575027466,1.997323751449585,0.974249005317688,0.5821900367736816,39799
4.929928779602051,1.9975619316101074,0.974471390247345,0.5819073915481567,39742
4.938098907470703,1.9977643489837646,0.9748712778091431,0.5815783143043518,39444
4.948642730712891,1.9980067014694214,0.9750470519065857,0.5812923312187195,39801
4.95553731918335,1.998211145401001,0.9751276969909668,0.581019937992096,39941
4.964691162109375,1.998438835144043,0.9754538536071777,0.5806329846382141,39559
4.970991134643555,1.9986826181411743,0.9756815433502197,0.5802951455116272,39722
4.979307651519775,1.9988821744918823,0.9756429195404053,0.5799742341041565,40122
4.985788583755493,1.9990850687026978,0.975885808467865,0.5795832276344299,39664
4.993680715560913,1.9992966651916504,0.9761586785316467,0.5792304873466492,39631
5.000086784362793,1.999527096748352,0.9762474298477173,0.5788847208023071,39912
5.0092151165008545,1.9996932744979858,0.9764482378959656,0.5785320997238159,39728
5.014479398727417,1.9998964071273804,0.9767625331878662,0.5780883431434631,39548
5.022599935531616,2.000114679336548,0.9769535064697266,0.577677309513092,39733
5.029426336288452,2.0003135204315186,0.9772086143493652,0.5772804021835327,39618
5.037637948989868,2.0004870891571045,0.9775219559669495,0.5768653154373169,39526
5.0439417362213135,2.000694990158081,0.9777817726135254,0.5764185190200806,39606
5.051835060119629,2.0008678436279297,0.9778867363929749,0.5760121941566467,39854
5.057147264480591,2.001030921936035,0.9780970811843872,0.5755894184112549,39666
5.064206838607788,2.0012128353118896,0.9784348011016846,0.5751162767410278,39480
5.070652961730957,2.0014302730560303,0.9786533117294312,0.5746408104896545,39646
5.07857608795166,2.0016427040100098,0.9788084626197815,0.574190080165863,39742
5.084522485733032,2.0017523765563965,0.9791512489318848,0.5736809968948364,39442
5.092461824417114,2.001925468444824,0.9793998003005981,0.5732011795043945,39593
5.098684787750244,2.002063035964966,0.9793246984481812,0.572688102722168,40099
5.106488943099976,2.002237319946289,0.979530394077301,0.5722161531448364,39644
5.113207101821899,2.002349853515625,0.9796731472015381,0.5717219114303589,39757
5.121312856674194,2.0025384426116943,0.979809045791626,0.5712352395057678,39756
5.127382040023804,2.002664089202881,0.979775071144104,0.5707736015319824,40028
5.134980916976929,2.0027995109558105,0.9800038933753967,0.5703603625297546,39605
5.14154839515686,2.0029492378234863,0.9801045060157776,0.5699930191040039,39813
5.149693727493286,2.0030324459075928,0.980339765548706,0.5697436928749084,39584
5.155708074569702,2.003166913986206,0.9804672598838806,0.5696332454681396,39755
5.164039373397827,2.0033185482025146,0.9804031252861023,0.5695605278015137,40062
5.1716132164001465,2.003422498703003,0.9804348945617676,0.5695277452468872,39912
5.178956747055054,2.003591537475586,0.9802561402320862,0.5696362853050232,40265
5.189934492111206,2.003718852996826,0.9802780747413635,0.5698570609092712,39935
5.1982293128967285,2.003857135772705,0.9804338812828064,0.5702709555625916,39706
5.211116075515747,2.0040042400360107,0.9803676009178162,0.5708401799201965,40077
5.219724893569946,2.004183530807495,0.980679988861084,0.5715540051460266,39467
5.228701591491699,2.0042967796325684,0.980597972869873,0.572351336479187,40101
5.2395665645599365,2.0044291019439697,0.980462908744812,0.5733934044837952,40169
5.248145818710327,2.004549264907837,0.9807804226875305,0.574548602104187,39466
5.321495056152344,2.0047245025634766,0.9810711741447449,0.5760044455528259,39470
5.335336923599243,2.00478196144104,0.9812327027320862,0.577620267868042,39684
5.351090431213379,2.0048139095306396,0.9813934564590454,0.5794070363044739,39695
5.361867427825928,2.00494122505188,0.9813756346702576,0.5814217925071716,39963
5.375809907913208,2.004973888397217,0.9813637137413025,0.5836268067359924,39964
5.38318133354187,2.0051114559173584,0.9812443256378174,0.5860123634338379,40144
5.398212432861328,2.0052099227905273,0.9810202717781067,0.5887243747711182,40296
5.412553310394287,2.005356550216675,0.981011152267456,0.5915524363517761,39971
5.4204795360565186,2.0054147243499756,0.9809808731079102,0.5945398807525635,40008
5.427613973617554,2.0053300857543945,0.980649471282959,0.5977603197097778,40478
5.437166690826416,2.0054919719696045,0.9805952310562134,0.6011709570884705,40053
5.442221403121948,2.00563907623291,0.9800756573677063,0.6048555374145508,40806
5.450819969177246,2.0057005882263184,0.9800409078598022,0.6086418032646179,40037
5.456319332122803,2.0058135986328125,0.9797973036766052,0.6126905083656311,40372
5.465059757232666,2.005610227584839,0.9792038798332214,0.6168618202209473,40943
5.470858097076416,2.005906581878662,0.9786946177482605,0.6214376091957092,40822
5.479763507843018,2.0059659481048584,0.9784819483757019,0.626083493232727,40360
5.4848408699035645,2.005983591079712,0.9782041311264038,0.6309478282928467,40468
5.49352240562439,2.0060815811157227,0.9777234792709351,0.6360165476799011,40800
5.499361515045166,2.0061895847320557,0.9771404266357422,0.641349732875824,40982
5.508181810379028,2.006330966949463,0.9767022728919983,0.6468013525009155,40749
5.513872146606445,2.006417751312256,0.9759945869445801,0.6524873971939087,41227
5.523006439208984,2.0066609382629395,0.9753280878067017,0.658507227897644,41147
5.5292065143585205,2.0067312717437744,0.9748379588127136,0.6645344495773315,40895
5.538526773452759,2.0068519115448,0.9739898443222046,0.670785665512085,41477
5.543790578842163,2.0071046352386475,0.9734259247779846,0.6773396134376526,41043
5.553131580352783,2.0071449279785156,0.9726746082305908,0.6839559078216553,41366
5.5590739250183105,2.0074281692504883,0.9715670347213745,0.6908656358718872,41950
5.569114923477173,2.0075113773345947,0.9709352254867554,0.6978631019592285,41214
5.574641704559326,2.007645606994629,0.9704111814498901,0.7051030993461609,41058
5.584793329238892,2.007833480834961,0.9695659875869751,0.7125416994094849,41580
5.592165946960449,2.008028507232666,0.9688845276832581,0.7201931476593018,41327
5.601357460021973,2.008180618286133,0.9679160118103027,0.7279748916625977,41831
5.607221364974976,2.008237600326538,0.9672011733055115,0.735775887966156,41427
5.616371154785156,2.008470296859741,0.9662466645240784,0.743951141834259,41842
5.6221630573272705,2.0084469318389893,0.9655121564865112,0.7521863579750061,41487
5.63159441947937,2.0086233615875244,0.9649671316146851,0.7605879902839661,41212
5.638639450073242,2.008739709854126,0.9643829464912415,0.7692210674285889,41280
5.648148775100708,2.0087358951568604,0.963576078414917,0.7778230905532837,41659
5.653688669204712,2.0089473724365234,0.9629253149032593,0.786572277545929,41422
5.664055347442627,2.008897304534912,0.9623536467552185,0.7954121232032776,41317
5.671366453170776,2.009007215499878,0.961813747882843,0.8044778108596802,41268
5.680645704269409,2.008965253829956,0.9612086415290833,0.8137804269790649,41377
5.692431688308716,2.0089337825775146,0.960520327091217,0.8230237364768982,41532
5.6984641551971436,2.008787155151367,0.9597850441932678,0.8326348662376404,41628
5.7088377475738525,2.008957862854004,0.9595600366592407,0.841853678226471,40822
5.719339609146118,2.0088348388671875,0.9590811133384705,0.8515042066574097,41237
5.729548692703247,2.0087594985961914,0.9585168361663818,0.8611501455307007,41373
5.741027116775513,2.0085299015045166,0.9578505158424377,0.8712916374206543,41555
5.74990439414978,2.0084614753723145,0.9577940106391907,0.8809860944747925,40541
5.759270906448364,2.0081703662872314,0.9572124481201172,0.8910911679267883,41491
5.769558906555176,2.007991313934326,0.9569446444511414,0.9011422395706177,40883
5.779547691345215,2.007686138153076,0.9563817977905273,0.9113596081733704,41477
5.790874719619751,2.007390022277832,0.9561343193054199,0.9216858148574829,40911
5.7991204261779785,2.0071136951446533,0.9556968808174133,0.9319825768470764,41234
5.8088555335998535,2.0067319869995117,0.9555672407150269,0.9424580931663513,40746
5.819382429122925,2.0063538551330566,0.9552718997001648,0.9526988863945007,41020
5.828725814819336,2.006030797958374,0.9549165368080139,0.963115394115448,41118
5.839813232421875,2.0055601596832275,0.95479416847229,0.9736335873603821,40749
5.8504416942596436,2.005239486694336,0.9551711082458496,0.9841994047164917,39944
5.858546733856201,2.004537343978882,0.9544129371643066,0.9947545528411865,41773
5.8690266609191895,2.0040361881256104,0.9543479084968567,1.005271077156067,40666
5.879130840301514,2.003565788269043,0.954606294631958,1.01597261428833,40098
5.88970947265625,2.0029327869415283,0.9543949365615845,1.0264720916748047,40947
5.898595809936523,2.0023741722106934,0.9545759558677673,1.0370428562164307,40256
5.908451080322266,2.0016772747039795,0.9545020461082458,1.0477460622787476,40672
5.918404817581177,2.0010898113250732,0.9547515511512756,1.0583409070968628,40104
5.929352521896362,2.0004074573516846,0.9549069404602051,1.0689631700515747,40344
5.9391844272613525,1.9999397993087769,0.9554654359817505,1.0797010660171509,39638
5.950332880020142,1.999014139175415,0.95558762550354,1.0903476476669312,40336
5.959453344345093,1.998237133026123,0.9557003378868103,1.1009862422943115,40347
5.968923807144165,1.997531533241272,0.9556907415390015,1.1114740371704102,40541
5.979229927062988,1.9967840909957886,0.95631343126297,1.1220054626464844,39517
5.988621234893799,1.9960905313491821,0.9566121697425842,1.132712483406067,40036
5.998873710632324,1.9952389001846313,0.956843376159668,1.1433347463607788,40134
6.010490894317627,1.9944157600402832,0.9570736885070801,1.1540062427520752,40127
6.019147157669067,1.993457317352295,0.9575668573379517,1.1645399332046509,39696
6.029659032821655,1.9925705194473267,0.9579488039016724,1.1749110221862793,39827
6.039394378662109,1.9916883707046509,0.9589391946792603,1.1854687929153442,38906
6.048943519592285,1.9909319877624512,0.9587790966033936,1.195793628692627,40718
6.064215421676636,1.9898592233657837,0.9591960310935974,1.2062838077545166,39780
6.070409536361694,1.988809585571289,0.9598413705825806,1.2167407274246216,39408
6.080394268035889,1.9879087209701538,0.9597771167755127,1.2270405292510986,40530
6.089073657989502,1.9868940114974976,0.9605973958969116,1.2373859882354736,39103
6.09899115562439,1.9861403703689575,0.961097776889801,1.247544527053833,39606
6.109559535980225,1.9850537776947021,0.9622020125389099,1.25802743434906,38610
6.1195595264434814,1.9839544296264648,0.9617354273796082,1.2680774927139282,41139
6.129409551620483,1.9829576015472412,0.962321937084198,1.2782752513885498,39443
6.139499187469482,1.9820398092269897,0.9632189273834229,1.2884972095489502,38906
6.149188280105591,1.9816991090774536,0.964840292930603,1.2982943058013916,37723
6.15909481048584,1.9798697233200073,0.9639548063278198,1.3085392713546753,41766
6.169769763946533,1.9790695905685425,0.9647983312606812,1.3184161186218262,38993
6.180148363113403,1.9781352281570435,0.965872049331665,1.3284919261932373,38540
6.188997745513916,1.978011131286621,0.9669837355613708,1.3377760648727417,38509
6.19869589805603,1.9763259887695312,0.9671940207481384,1.3481202125549316,39896
6.208623170852661,1.9755213260650635,0.9679167866706848,1.3577470779418945,39158
6.219742059707642,1.9744764566421509,0.9675145745277405,1.3673303127288818,40890
6.229090452194214,1.9729328155517578,0.9680843353271484,1.3771358728408813,39339
6.239048004150391,1.9720605611801147,0.9689432382583618,1.3867560625076294,38815
6.249206304550171,1.9710758924484253,0.9690713882446289,1.3959546089172363,40003
6.258749723434448,1.969605803489685,0.969684362411499,1.4056752920150757,39244
6.268716335296631,1.968540072441101,0.969853937625885,1.4148154258728027,39917
6.280016899108887,1.9673503637313843,0.9706146717071533,1.4243513345718384,39004
6.289256811141968,1.966344952583313,0.970638632774353,1.4336014986038208,40092
6.298494338989258,1.9654022455215454,0.9708391427993774,1.4427951574325562,39868
6.3081746101379395,1.9642534255981445,0.9712042808532715,1.451887845993042,39568
6.3187665939331055,1.9635803699493408,0.9724300503730774,1.4610055685043335,38218
6.32908034324646,1.9625582695007324,0.972463071346283,1.4700076580047607,40128
6.340260744094849,1.9617782831192017,0.9727069139480591,1.4791297912597656,39822
6.348204135894775,1.9605646133422852,0.9727292060852051,1.487998604774475,39957
6.359604835510254,1.9598369598388672,0.9734605550765991,1.496788501739502,38943
6.368373870849609,1.9587706327438354,0.974019467830658,1.5055577754974365,39192
6.378316402435303,1.9579486846923828,0.9741802215576172,1.5141842365264893,39865
6.389089584350586,1.957189917564392,0.9745743274688721,1.5228188037872314,39412
6.398549795150757,1.9564672708511353,0.974958598613739,1.5313005447387695,39504
6.409039258956909,1.9557058811187744,0.9754118919372559,1.5399056673049927,39339
6.419021368026733,1.955143928527832,0.9763590693473816,1.5483324527740479,38485
6.429525852203369,1.9543094635009766,0.9767822027206421,1.556694746017456,39359
6.439697265625,1.953306794166565,0.9764243364334106,1.5649707317352295,40696
6.449231863021851,1.9525867700576782,0.9765640497207642,1.5731388330459595,39828
6.458593845367432,1.952134609222412,0.9773537516593933,1.58126699924469,38700
6.468465805053711,1.9513839483261108,0.9775674939155579,1.589332938194275,39678
6.479651927947998,1.9508217573165894,0.9788301587104797,1.5973923206329346,37973
6.489798545837402,1.950103759765625,0.9789018630981445,1.6053582429885864,39888
6.498203277587891,1.949028730392456,0.9784088134765625,1.6132221221923828,40805
6.508462905883789,1.9486982822418213,0.9789603352546692,1.620794415473938,39098
6.518815755844116,1.947724461555481,0.9786317348480225,1.6285232305526733,40467
6.529137134552002,1.9471875429153442,0.9791368246078491,1.6360846757888794,39177
6.53898549079895,1.9466222524642944,0.979325532913208,1.6437063217163086,39620
6.548815965652466,1.9463586807250977,0.9796759486198425,1.6511422395706177,39396
6.558922052383423,1.945532202720642,0.9803065657615662,1.6585445404052734,38927
6.568016052246094,1.9451669454574585,0.9805594086647034,1.6657909154891968,39554
6.579033136367798,1.9443665742874146,0.9803374409675598,1.6730073690414429,40303
6.608306169509888,1.9438692331314087,0.980372428894043,1.6801464557647705,39874
6.615696907043457,1.9433306455612183,0.9804052710533142,1.6872258186340332,39855
6.621769905090332,1.9430030584335327,0.9808194637298584,1.6941664218902588,39261
6.6279919147491455,1.9425402879714966,0.9809317588806152,1.701055884361267,39715
6.633199453353882,1.9418892860412598,0.9807794690132141,1.7079787254333496,40201
6.6388771533966064,1.9411661624908447,0.9811587929725647,1.7148263454437256,39312
6.648528337478638,1.941118836402893,0.981442391872406,1.7213999032974243,39365
6.658807277679443,1.940482497215271,0.9816111326217651,1.727940320968628,39700
6.669583797454834,1.940118670463562,0.9816501140594482,1.7343955039978027,39848
6.678697109222412,1.9397459030151367,0.9820390939712524,1.7409358024597168,39273
6.68854832649231,1.9395548105239868,0.98223876953125,1.7472217082977295,39549
6.699265241622925,1.9385817050933838,0.9815706014633179,1.753650426864624,41004
6.709622144699097,1.93848717212677,0.9819010496139526,1.7597112655639648,39373
6.719672441482544,1.9378575086593628,0.981660008430481,1.7657132148742676,40224
6.729414224624634,1.9375543594360352,0.9816772937774658,1.7718595266342163,39880
6.739339828491211,1.9372994899749756,0.9819338917732239,1.7776844501495361,39446
6.748997449874878,1.9367331266403198,0.9815874099731445,1.7836964130401611,40453
6.75903582572937,1.9365313053131104,0.9819063544273376,1.7893822193145752,39407
6.769290447235107,1.9361560344696045,0.9824640154838562,1.7952384948730469,38975
6.778653144836426,1.9357483386993408,0.9824423789978027,1.8006821870803833,39940
6.788865327835083,1.9353103637695312,0.9822056889533997,1.8062113523483276,40294
6.799197673797607,1.9349582195281982,0.9824206829071045,1.8116989135742188,39542
6.808393478393555,1.934708833694458,0.9824486374855042,1.8170353174209595,39820
6.818723678588867,1.9348163604736328,0.9832035303115845,1.8223645687103271,38671
6.828829050064087,1.9342774152755737,0.9827954769134521,1.8275535106658936,40545
6.839064121246338,1.933700680732727,0.9825271368026733,1.832777976989746,40392
6.848936557769775,1.9333810806274414,0.9824965000152588,1.8377821445465088,39909
6.858919143676758,1.9333231449127197,0.9827910661697388,1.8426517248153687,39398
6.8690025806427,1.9331506490707397,0.9829204082489014,1.8474282026290894,39673
6.879005670547485,1.9327287673950195,0.9826392531394958,1.8522613048553467,40370
6.8893983364105225,1.9325610399246216,0.9829033613204956,1.8569937944412231,39482
6.899112224578857,1.9324285984039307,0.9830565452575684,1.861712098121643,39621
6.908904552459717,1.9322479963302612,0.9833049774169922,1.8661980628967285,39522
6.919007301330566,1.9321140050888062,0.9833213686943054,1.8706609010696411,39880
6.9288554191589355,1.9316561222076416,0.9832040667533875,1.8750396966934204,40089
6.938469886779785,1.9315732717514038,0.983451247215271,1.8792870044708252,39517
6.948448181152344,1.931277871131897,0.9834916591644287,1.88362717628479,39805
6.95865273475647,1.9311643838882446,0.9835140109062195,1.8877992630004883,39880
6.969151020050049,1.9307355880737305,0.9838290214538574,1.891983151435852,39386
6.979463338851929,1.9308099746704102,0.9841828346252441,1.8957856893539429,39321
6.989254951477051,1.9305589199066162,0.9841795563697815,1.8997286558151245,39902
6.999011039733887,1.930424690246582,0.9842948317527771,1.9035389423370361,39744
7.008999586105347,1.9305204153060913,0.9846369624137878,1.9071770906448364,39338
7.019289970397949,1.9303337335586548,0.984602689743042,1.9110138416290283,39947
7.029232978820801,1.9303056001663208,0.9850395917892456,1.914719581604004,39207
7.039427995681763,1.9300827980041504,0.9849677085876465,1.9182357788085938,39982
7.049000978469849,1.929840087890625,0.985014796257019,1.9216935634613037,39835
7.058836460113525,1.930053472518921,0.9853092432022095,1.9248616695404053,39407
7.068768262863159,1.9298534393310547,0.9854097962379456,1.9281796216964722,39704
7.078858375549316,1.9298244714736938,0.9853667616844177,1.9314813613891602,39964
7.088447093963623,1.9296948909759521,0.9853470325469971,1.9346935749053955,39942
7.098397731781006,1.929728388786316,0.9855870604515076,1.937792420387268,39478
7.1093590259552,1.9295018911361694,0.9853425621986389,1.9407329559326172,40281
7.118542909622192,1.9292489290237427,0.9852845668792725,1.9438047409057617,39990
7.128547668457031,1.9293887615203857,0.9854429364204407,1.9465376138687134,39620
7.138668775558472,1.929489254951477,0.9855610132217407,1.9491750001907349,39666
7.148261785507202,1.9294127225875854,0.985526978969574,1.9520107507705688,39958
7.159486532211304,1.92947256565094,0.9854552745819092,1.9546788930892944,40013
7.169023513793945,1.9293458461761475,0.9856030344963074,1.9573012590408325,39642
7.179049015045166,1.929538369178772,0.9857317805290222,1.9597636461257935,39668
7.188336610794067,1.9294718503952026,0.9855854511260986,1.962138056755066,40119
7.199443101882935,1.9301683902740479,0.9871112704277039,1.9649252891540527,37429
7.20918345451355,1.9303253889083862,0.9868046045303345,1.9666674137115479,40345
7.218561172485352,1.9304053783416748,0.987225353717804,1.9693716764450073,39281
7.229581594467163,1.9296900033950806,0.9858070611953735,1.9710233211517334,42125
7.23877477645874,1.9298781156539917,0.9856478571891785,1.973083257675171,40167
7.248848915100098,1.9296575784683228,0.9855904579162598,1.975104808807373,39886
7.258913278579712,1.930041790008545,0.9864726662635803,1.9775117635726929,38460
7.269087076187134,1.9305624961853027,0.9867275357246399,1.9791737794876099,39441
7.279454469680786,1.9303749799728394,0.9864050149917603,1.9810945987701416,40447
7.288373708724976,1.9305579662322998,0.9863258600234985,1.9825595617294312,40012
7.298576593399048,1.9304709434509277,0.9860163927078247,1.9843759536743164,40360
7.308835506439209,1.930958867073059,0.9867207407951355,1.9857687950134277,38733
7.318438529968262,1.931241750717163,0.9865440726280212,1.9869370460510254,40133
7.328799486160278,1.9312149286270142,0.9862158298492432,1.9883955717086792,40453
7.338611602783203,1.9314441680908203,0.9864415526390076,1.9897211790084839,39500
7.348954439163208,1.9317784309387207,0.9864460229873657,1.9907572269439697,39846
7.359363555908203,1.9316288232803345,0.9850077629089355,1.9919180870056152,42212
7.369252920150757,1.932262897491455,0.9855510592460632,1.992822289466858,39031
7.379391193389893,1.9326260089874268,0.985872209072113,1.9942286014556885,39292
7.389345169067383,1.9328546524047852,0.9854092597961426,1.9947795867919922,40664
7.398643493652344,1.9331804513931274,0.9853496551513672,1.9955822229385376,40019
7.409069061279297,1.933210015296936,0.9858591556549072,1.9967174530029297,39043
7.418558835983276,1.9333631992340088,0.9855204224586487,1.997408151626587,40431
7.429619073867798,1.9337084293365479,0.985602855682373,1.9980398416519165,39783
7.438471078872681,1.934018850326538,0.9851808547973633,1.9982433319091797,40555
7.449035882949829,1.9340044260025024,0.9851517081260681,1.9991824626922607,39952
7.459498167037964,1.9343104362487793,0.9851256012916565,1.9996473789215088,39947
7.469670534133911,1.9344217777252197,0.9848114252090454,2.0002644062042236,40392
7.478499412536621,1.934672236442566,0.9846336245536804,2.000563144683838,40191
7.4893128871917725,1.9348446130752563,0.9845803380012512,2.000863790512085,39975
7.499150991439819,1.9353420734405518,0.984204113483429,2.0009260177612305,40514
7.509264945983887,1.9360709190368652,0.983574390411377,2.0007400512695312,40938
7.51878023147583,1.9359102249145508,0.9834901690483093,2.000998020172119,40057
7.528650999069214,1.9361493587493896,0.9831733107566833,2.0010135173797607,40428
7.5393030643463135,1.9371013641357422,0.9838922023773193,2.0010128021240234,38763
7.548322677612305,1.936762809753418,0.9830738306045532,2.000877857208252,41240
7.559077739715576,1.9379205703735352,0.9834842085838318,2.000401020050049,39332
7.569389581680298,1.9381850957870483,0.9834237098693848,2.000243902206421,39982
7.579828977584839,1.938281536102295,0.9836082458496094,2.00038480758667,39673
7.5883965492248535,1.938528060913086,0.9831258058547974,1.9999847412109375,40714
7.5981621742248535,1.9388506412506104,0.9833325147628784,1.9995733499526978,39615
7.609686851501465,1.9391145706176758,0.9831336736679077,1.999202847480774,40239
7.6194844245910645,1.9394513368606567,0.9828161597251892,1.9986838102340698,40466
7.62864875793457,1.9397279024124146,0.9827641248703003,1.9981085062026978,40024
7.63906717300415,1.9397650957107544,0.9813642501831055,1.9971857070922852,42213
7.648308515548706,1.9401549100875854,0.9812878370285034,1.9966086149215698,40116
7.659461975097656,1.9405102729797363,0.9812701344490051,1.995728850364685,39952
7.669604778289795,1.9414072036743164,0.9818609952926636,1.9950965642929077,39020
7.679868221282959,1.941592812538147,0.9817793965339661,1.9942482709884644,40111
7.689145803451538,1.9416033029556274,0.9816150665283203,1.9935799837112427,40285
7.699132919311523,1.9418281316757202,0.9810113906860352,1.992443323135376,40949
7.7091169357299805,1.942212700843811,0.9809161424636841,1.9914339780807495,40139
7.718369483947754,1.9423996210098267,0.9807283878326416,1.9904165267944336,40278
7.729126453399658,1.9425716400146484,0.9801990985870361,1.9893546104431152,40864
7.738610506057739,1.9431687593460083,0.980318546295166,1.9880757331848145,39805
7.749606132507324,1.9435021877288818,0.9792344570159912,1.986407995223999,41747
7.7590484619140625,1.9437984228134155,0.9792155027389526,1.985066294670105,40076
7.768653392791748,1.9439641237258911,0.9788978695869446,1.9837939739227295,40520
7.779061317443848,1.9445942640304565,0.9789188504219055,1.9824211597442627,40012
7.788448333740234,1.9448580741882324,0.97923743724823,1.9812830686569214,39513
7.798665761947632,1.9448119401931763,0.9783792495727539,1.9794248342514038,41439
7.808760166168213,1.94501793384552,0.9785624146461487,1.9782931804656982,39770
7.818659543991089,1.9452133178710938,0.9784131646156311,1.9767334461212158,40257
7.828797817230225,1.9456610679626465,0.9781433939933777,1.9750113487243652,40501
7.838112115859985,1.9457463026046753,0.9778424501419067,1.9734326601028442,40549
7.849238157272339,1.946065068244934,0.977268636226654,1.9718276262283325,40999
7.859226226806641,1.9464460611343384,0.9774107336997986,1.9699536561965942,39840
7.928234100341797,1.9469044208526611,0.9764569401741028,1.9676856994628906,41607
7.936012268066406,1.9469677209854126,0.9762037992477417,1.966322422027588,40521
7.942659854888916,1.9467679262161255,0.9748328924179077,1.9639345407485962,42311
7.949502229690552,1.9469691514968872,0.9746872186660767,1.9620580673217773,40364
7.955909013748169,1.947413444519043,0.9748063087463379,1.959967017173767,39894
7.961863994598389,1.947656512260437,0.974644124507904,1.958080768585205,40405
7.967942953109741,1.9485903978347778,0.9758974313735962,1.95639967918396,38121
7.97377610206604,1.948722243309021,0.9753581285476685,1.9539371728897095,40988
7.97954535484314,1.949203372001648,0.9750187993049622,1.9517269134521484,40741
7.985179901123047,1.949097752571106,0.9748236536979675,1.9501831531524658,40438
7.991609573364258,1.9496515989303589,0.9748022556304932,1.9478743076324463,40178
7.997841119766235,1.948992133140564,0.9729359149932861,1.945129156112671,43160
8.00371527671814,1.9492812156677246,0.9729005694389343,1.9428397417068481,40259
8.011364221572876,1.9494692087173462,0.971910834312439,1.9405603408813477,41716
8.017256259918213,1.9497753381729126,0.9720020294189453,1.9381431341171265,40061
8.022932529449463,1.9498891830444336,0.9715132713317871,1.9357285499572754,40973
8.028674125671387,1.9501343965530396,0.9714974761009216,1.9332369565963745,40257
8.038478136062622,1.9503799676895142,0.9713714122772217,1.9308093786239624,40413
8.048267841339111,1.9507638216018677,0.9714102745056152,1.928200602531433,40165
8.058746337890625,1.9509800672531128,0.9713611602783203,1.9257292747497559,40304
8.068702936172485,1.9511487483978271,0.9712297916412354,1.9231351613998413,40446
8.078441619873047,1.9513462781906128,0.9706608653068542,1.920466423034668,41155
8.088454008102417,1.9517120122909546,0.970869779586792,1.9177709817886353,39908
8.098599433898926,1.9518146514892578,0.9704102873802185,1.915128469467163,40972
8.109529495239258,1.9520896673202515,0.9704599976539612,1.9122976064682007,40179
8.119466066360474,1.9524590969085693,0.9702739715576172,1.9097343683242798,40538
8.12913966178894,1.9526137113571167,0.9701550006866455,1.9069271087646484,40450
8.139731884002686,1.952912449836731,0.9700673222541809,1.9039816856384277,40402
8.148642539978027,1.9530445337295532,0.9692763090133667,1.9010955095291138,41543
8.159624576568604,1.953389286994934,0.9693823456764221,1.8981958627700806,40110
8.168833017349243,1.9535444974899292,0.9689717292785645,1.8953547477722168,40921
8.17916488647461,1.9538582563400269,0.9691649675369263,1.892311930656433,39983
8.189531087875366,1.954184889793396,0.9693026542663574,1.8893433809280396,40055
8.199070930480957,1.954567551612854,0.969266414642334,1.8863571882247925,40347
8.209332942962646,1.9545413255691528,0.9691392183303833,1.8833465576171875,40507
8.219184637069702,1.954924464225769,0.9692043662071228,1.8801590204238892,40179
8.229631662368774,1.955123782157898,0.969088613986969,1.8771017789840698,40457
8.239595890045166,1.9555132389068604,0.9693365693092346,1.8740330934524536,39898
8.248947381973267,1.9558476209640503,0.9693247675895691,1.870932698249817,40296
8.259567499160767,1.9559898376464844,0.9693488478660583,1.8677301406860352,40257
8.26958417892456,1.9563735723495483,0.9692521691322327,1.8645812273025513,40447
8.279795169830322,1.9567855596542358,0.9693852066993713,1.8613101243972778,40072
8.289018869400024,1.9568297863006592,0.969040036201477,1.8581287860870361,40853
8.299083471298218,1.9572536945343018,0.9691495299339294,1.85489821434021,40122
8.308648347854614,1.9575047492980957,0.9692381620407104,1.8515708446502686,40139
8.318777322769165,1.9577598571777344,0.9690430164337158,1.8482896089553833,40611
8.328689813613892,1.9581578969955444,0.9686340689659119,1.845038890838623,40963
8.339720964431763,1.9584941864013672,0.9694538712501526,1.8417637348175049,38974
8.34937572479248,1.9586893320083618,0.9685662984848022,1.838437795639038,41724
8.359208822250366,1.958977460861206,0.9686504006385803,1.8351459503173828,40192
8.368762254714966,1.9594359397888184,0.968707263469696,1.831627607345581,40196
8.379281759262085,1.9596143960952759,0.9686452150344849,1.8283296823501587,40415
8.389311075210571,1.9600611925125122,0.9689620137214661,1.8249177932739258,39797
8.399154424667358,1.960377812385559,0.9689594507217407,1.821621298789978,40308
8.40855884552002,1.9605671167373657,0.9689460396766663,1.818212866783142,40334
8.419421434402466,1.9612369537353516,0.9695560336112976,1.814682126045227,39317
8.429466247558594,1.9614269733428955,0.969181478023529,1.8112280368804932,40895
8.438491106033325,1.9616183042526245,0.9691758155822754,1.807795524597168,40331
8.448065042495728,1.962039828300476,0.9693642258644104,1.8044339418411255,39981
8.458906173706055,1.9625182151794434,0.969660222530365,1.800989031791687,39822
8.46852731704712,1.9630008935928345,0.9699702262878418,1.7974867820739746,39801
8.479451656341553,1.9634122848510742,0.9695581197738647,1.794106364250183,40957
8.489125490188599,1.9636800289154053,0.9695220589637756,1.7906280755996704,40357
8.49960446357727,1.9640990495681763,0.9695084095001221,1.7871745824813843,40321
8.509106159210205,1.964517593383789,0.9690493941307068,1.7836289405822754,41035
8.518644094467163,1.9647899866104126,0.969535768032074,1.7801203727722168,39521
8.529752016067505,1.9652771949768066,0.9690824151039124,1.7765918970108032,41032
8.538981676101685,1.9656728506088257,0.9692172408103943,1.7732360363006592,40093
8.549636125564575,1.9659740924835205,0.9692250490188599,1.769671082496643,40298
8.559011936187744,1.9664796590805054,0.9692345857620239,1.7661103010177612,40298
8.569054126739502,1.967090129852295,0.9696331024169922,1.7624214887619019,39655
8.578664302825928,1.9673067331314087,0.9693705439567566,1.7590575218200684,40732
8.588404178619385,1.9680346250534058,0.969892680644989,1.7555710077285767,39465
8.598363637924194,1.9684325456619263,0.9700497984886169,1.7521573305130005,40038
8.608591318130493,1.9691760540008545,0.9703583717346191,1.748605728149414,39803
8.6193106174469,1.9695782661437988,0.9706079363822937,1.745008111000061,39886
8.629379510879517,1.9698456525802612,0.9701247811317444,1.7414003610610962,41071
8.640055179595947,1.970094084739685,0.9696810841560364,1.7378973960876465,41013
8.649521112442017,1.9704856872558594,0.9696932435035706,1.734358310699463,40274
8.658819675445557,1.9711602926254272,0.9700324535369873,1.7307630777359009,39746
8.669345378875732,1.971932291984558,0.9697133302688599,1.7272669076919556,40815
8.679303169250488,1.9723621606826782,0.9706442952156067,1.7237375974655151,38807
8.689239501953125,1.9728608131408691,0.969890832901001,1.720350742340088,41515
8.6985502243042,1.9732458591461182,0.9696797728538513,1.716859221458435,40643
8.709985256195068,1.9737756252288818,0.9700873494148254,1.7132481336593628,39644
8.71869158744812,1.9745471477508545,0.970430314540863,1.7096666097640991,39737
8.72900676727295,1.9749549627304077,0.9705426096916199,1.706198811531067,40113
8.73873257637024,1.975371241569519,0.9707260727882385,1.7027521133422852,39997
8.749393224716187,1.9756723642349243,0.9700970649719238,1.6993329524993896,41308
8.758627891540527,1.9762908220291138,0.9703754782676697,1.6958036422729492,39851
8.76885986328125,1.9768379926681519,0.9703435897827148,1.6922134160995483,40339
8.778581857681274,1.9777235984802246,0.9700478315353394,1.6886779069900513,40771
8.788654327392578,1.9778995513916016,0.9696506261825562,1.6853729486465454,40947
8.799209117889404,1.9785503149032593,0.9702314138412476,1.6820114850997925,39380
8.808736085891724,1.9792454242706299,0.970373809337616,1.6784683465957642,40065
8.81881833076477,1.9798321723937988,0.9706724882125854,1.675102710723877,39815
8.829310417175293,1.9799962043762207,0.9704412221908569,1.6717162132263184,40663
8.839033842086792,1.9805008172988892,0.970423698425293,1.6682988405227661,40324
8.848698854446411,1.9810776710510254,0.9705101251602173,1.6648766994476318,40148
8.859496116638184,1.9815689325332642,0.9706617593765259,1.6615749597549438,40052
8.869414806365967,1.982377052307129,0.9711583852767944,1.658137559890747,39479
8.879105806350708,1.9825152158737183,0.9705010652542114,1.6550489664077759,41346
8.889023542404175,1.9828418493270874,0.9704111218452454,1.6518291234970093,40444
8.899029016494751,1.9836596250534058,0.9706834554672241,1.6483224630355835,39849
8.908620595932007,1.9844039678573608,0.9703465104103088,1.644890546798706,40834
8.918976068496704,1.9846997261047363,0.9702328443527222,1.6416893005371094,40483
8.928387641906738,1.9849309921264648,0.9700492024421692,1.6384598016738892,40613
8.939282417297363,1.9857898950576782,0.9704965353012085,1.6351696252822876,39568
8.949200868606567,1.9865189790725708,0.9709962606430054,1.631993055343628,39483
8.958781480789185,1.9866020679473877,0.9707304239273071,1.628834843635559,40718
8.969545602798462,1.9869484901428223,0.9704295992851257,1.6256438493728638,40779
8.979307413101196,1.9875925779342651,0.9705249071121216,1.6224008798599243,40131
8.988942861557007,1.98844575881958,0.9712908864021301,1.6191163063049316,39044
8.999664545059204,1.9885118007659912,0.9706392884254456,1.616068959236145,41333
9.009265899658203,1.988624930381775,0.9701882600784302,1.613025426864624,41020
9.018632411956787,1.9897974729537964,0.9710822105407715,1.6098072528839111,38841
9.0295569896698,1.9905606508255005,0.9711028933525085,1.606571912765503,40256
9.039246320724487,1.9905836582183838,0.9703764319419861,1.603572964668274,41452
9.04909062385559,1.9909582138061523,0.970147430896759,1.6004277467727661,40673
9.058968544006348,1.9916702508926392,0.9709367752075195,1.5973029136657715,39019
9.069598197937012,1.992005467414856,0.9707987308502197,1.5942858457565308,40506
9.07958197593689,1.9922529458999634,0.9705139398574829,1.5915331840515137,40740
9.089564085006714,1.9931014776229858,0.9713922142982483,1.5883406400680542,38865
9.098137855529785,1.993359088897705,0.9712513089179993,1.585394024848938,40503
9.108473300933838,1.993492603302002,0.9705765247344971,1.5824415683746338,41362
9.118632555007935,1.994072675704956,0.9709638357162476,1.579416036605835,39658
9.128558158874512,1.9948586225509644,0.9717554450035095,1.5765200853347778,39002
9.138927459716797,1.9943902492523193,0.970218300819397,1.573823094367981,42746
9.149013042449951,1.995518684387207,0.971545934677124,1.570773720741272,38124
9.159214973449707,1.9960232973098755,0.9708163738250732,1.5677740573883057,41465
9.169586420059204,1.9957220554351807,0.9706017971038818,1.5651488304138184,40631
9.17887544631958,1.9965242147445679,0.9707861542701721,1.5621590614318848,40001
9.189481019973755,1.996931552886963,0.9705708026885986,1.5592854022979736,40620
9.198355674743652,1.997015118598938,0.9706255793571472,1.556527018547058,40202
9.208539962768555,1.997620940208435,0.9711587429046631,1.553727149963379,39422
9.218856573104858,1.9978294372558594,0.9709616899490356,1.551087737083435,40588
9.228507041931152,1.9982256889343262,0.9713545441627502,1.5483675003051758,39630
9.238819122314453,1.998770833015442,0.9716790914535522,1.545559048652649,39741
9.248520612716675,1.9988789558410645,0.9714029431343079,1.542913556098938,40709
9.258379220962524,1.9993221759796143,0.9718519449234009,1.540237307548523,39527
9.268526554107666,1.9993157386779785,0.9716299176216125,1.5376189947128296,40626
9.27897024154663,1.9995688199996948,0.9715154767036438,1.5350730419158936,40439
9.289427518844604,2.0003504753112793,0.9725046157836914,1.532520055770874,38661
9.298813581466675,2.000178575515747,0.9717112183570862,1.5299370288848877,41521
9.309767723083496,2.0007925033569336,0.9724187254905701,1.5273702144622803,39112
9.318975448608398,2.0005431175231934,0.9716848134994507,1.5249062776565552,41442
9.328953981399536,2.0009617805480957,0.9717599749565125,1.5222395658493042,40135
9.338871955871582,2.0010039806365967,0.9719676971435547,1.5197720527648926,39927
9.348711729049683,2.0011725425720215,0.9716223478317261,1.5173768997192383,40810
9.359227657318115,2.0018374919891357,0.9725889563560486,1.5148649215698242,38698
9.368878364562988,2.001410961151123,0.9719812273979187,1.5125095844268799,41229
9.379324913024902,2.0021841526031494,0.9728155136108398,1.5099371671676636,38894
9.38927435874939,2.001481056213379,0.9717991948127747,1.5077321529388428,41886
9.399010181427002,2.002272129058838,0.972468376159668,1.5050514936447144,39174
9.408970355987549,2.001560926437378,0.9716742634773254,1.50303053855896,41536
9.41831374168396,2.0023677349090576,0.9725048542022705,1.500425934791565,38915
9.429373979568481,2.0017662048339844,0.9719542264938354,1.4983989000320435,41141
9.439296245574951,2.0026159286499023,0.9727409482002258,1.4959228038787842,38979
9.448299169540405,2.0019047260284424,0.9720733761787415,1.4937984943389893,41326
9.459082126617432,2.002845048904419,0.9727545380592346,1.4914007186889648,39151
9.468308210372925,2.0018434524536133,0.9719350337982178,1.4891998767852783,41570
9.478955030441284,2.0028252601623535,0.9726644158363342,1.4868431091308594,39080
9.488460779190063,2.0023205280303955,0.971792995929718,1.4846733808517456,41653
9.499348640441895,2.0027859210968018,0.9728178381919861,1.4824856519699097,38601
9.50980281829834,2.002345323562622,0.9717889428138733,1.4804203510284424,41918
9.51867127418518,2.0029711723327637,0.9730324745178223,1.4781928062438965,38230
9.528470039367676,2.0020089149475098,0.9719574451446533,1.4763002395629883,41990
9.539666175842285,2.002220392227173,0.9726998209953308,1.474012851715088,39047
9.549369812011719,2.0017387866973877,0.9717548489570618,1.471899390220642,41780
9.559448957443237,2.002054214477539,0.9726740717887878,1.4698512554168701,38768
9.569006443023682,2.0018670558929443,0.9724097847938538,1.4678746461868286,40670
9.578542709350586,2.0018656253814697,0.972618818283081,1.4659079313278198,39911
9.58948278427124,2.0017600059509277,0.9725322127342224,1.463775396347046,40383
9.599294424057007,2.0013115406036377,0.9718250036239624,1.461904525756836,41395
9.60940957069397,2.0016605854034424,0.9726049304008484,1.4597399234771729,38990
9.618932485580444,2.001018762588501,0.9720721244812012,1.4578132629394531,41109
9.629055500030518,2.0009191036224365,0.9720034003257751,1.455924153327942,40369
9.6386559009552,2.000844717025757,0.9723540544509888,1.4540479183197021,39686
9.649210214614868,2.0005385875701904,0.9721652269363403,1.452123761177063,40553
9.659230470657349,2.0004587173461914,0.972228467464447,1.4502475261688232,40147
9.668815612792969,2.0001578330993652,0.9719635844230652,1.4483379125595093,40685
9.679463386535645,1.9999654293060303,0.9718694686889648,1.446488380432129,40404
9.689609289169312,1.9996631145477295,0.9717232584953308,1.444565773010254,40493
9.698804140090942,1.999598503112793,0.9718700051307678,1.4429781436920166,40025
9.70936894416809,1.9994434118270874,0.9720128774642944,1.4409692287445068,40015
9.71925950050354,1.9988887310028076,0.9718765616416931,1.4393898248672485,40487
9.728600978851318,1.998705506324768,0.9715103507041931,1.437532663345337,40854
9.73945140838623,1.9987363815307617,0.9722652435302734,1.4357236623764038,39038
9.748833179473877,1.9980707168579102,0.9714242219924927,1.434025526046753,41610
9.758424997329712,1.9975981712341309,0.9712487459182739,1.432353138923645,40561
9.769050121307373,1.9978047609329224,0.97187340259552,1.4305273294448853,39243
9.778626441955566,1.9973678588867188,0.971782922744751,1.4290026426315308,40396
9.78898286819458,1.9971442222595215,0.9715394377708435,1.4273691177368164,40668
9.798348426818848,1.9969985485076904,0.9716439247131348,1.4255969524383545,40087
9.809222936630249,1.9966081380844116,0.9717732667922974,1.4241600036621094,40054
9.819379806518555,1.9960168600082397,0.971718966960907,1.4225178956985474,40347
9.828767538070679,1.995942234992981,0.9717328548431396,1.420853614807129,40231
9.839115619659424,1.9957143068313599,0.9713066220283508,1.4193015098571777,40955
9.849065780639648,1.995478868484497,0.9715193510055542,1.4178322553634644,39926
9.859153747558594,1.9951201677322388,0.971477210521698,1.4164634943008423,40328
9.868919610977173,1.9949012994766235,0.9709752798080444,1.4147590398788452,41081
9.878577470779419,1.9948339462280273,0.9711592793464661,1.4134107828140259,39963
9.888709545135498,1.9948663711547852,0.9713500142097473,1.4118609428405762,39968
9.899498224258423,1.9943827390670776,0.970930278301239,1.4103890657424927,40962
9.909016132354736,1.9942295551300049,0.9709494113922119,1.4091984033584595,40240
9.918580293655396,1.9940739870071411,0.9710145592689514,1.4077978134155273,40173
9.929040670394897,1.993826985359192,0.9711460471153259,1.4064967632293701,40066
9.939030647277832,1.9934661388397217,0.9710081219673157,1.4051921367645264,40498
9.948204517364502,1.9930683374404907,0.9706073999404907,1.40391206741333,40935
9.958991765975952,1.9928439855575562,0.9704122543334961,1.4024683237075806,40596
9.968846082687378,1.9927812814712524,0.9706748127937317,1.40121328830719,39854
9.979121446609497,1.9925767183303833,0.9707245230674744,1.3999463319778442,40202
9.989362478256226,1.992049217224121,0.970090925693512,1.3987900018692017,41323
9.999029159545898,1.9924453496932983,0.9701186418533325,1.3974465131759644,40258
10.009219408035278,1.9922388792037964,0.9703325629234314,1.396284818649292,39937
10.01899766921997,1.992371678352356,0.9707785248756409,1.394878625869751,39587
10.028740167617798,1.9916720390319824,0.9696652293205261,1.3940373659133911,42096
10.039260149002075,1.9912618398666382,0.9695406556129456,1.3929107189178467,40526
10.048948764801025,1.991848349571228,0.9707081913948059,1.3916943073272705,38382
10.059808492660522,1.9910743236541748,0.9701740145683289,1.3908333778381348,41140
10.069245100021362,1.9907554388046265,0.9698657989501953,1.3898648023605347,40835
10.079768896102905,1.9910826683044434,0.9702439904212952,1.388726830482483,39686
10.089024543762207,1.9903144836425781,0.9692457914352417,1.3876748085021973,41904
10.098369598388672,1.9901982545852661,0.9688690900802612,1.3866931200027466,40964
10.108333587646484,1.9904296398162842,0.9693352580070496,1.3853964805603027,39537
10.11913776397705,1.98979914188385,0.9690120220184326,1.3847922086715698,40831
10.128807544708252,1.9895142316818237,0.9687864780426025,1.3838437795639038,40724
10.139168500900269,1.9892226457595825,0.9683369994163513,1.3830052614212036,41035
10.148501634597778,1.989302158355713,0.9681000113487244,1.3820526599884033,40711
10.1590895652771,1.9895763397216797,0.9684552550315857,1.3808619976043701,39766
10.168941736221313,1.9894570112228394,0.9685643315315247,1.379991054534912,40166
10.178533554077148,1.9891448020935059,0.9684799313545227,1.3792542219161987,40486
10.189022302627563,1.9886093139648438,0.9676377773284912,1.3786931037902832,41712
10.197907447814941,1.9885644912719727,0.9674546718597412,1.3778563737869263,40648
10.208524942398071,1.9883990287780762,0.9672967791557312,1.3771225214004517,40592
10.219552278518677,1.9881513118743896,0.9674645066261292,1.3763593435287476,40101
10.228572130203247,1.9885460138320923,0.9680968523025513,1.3756502866744995,39318
10.238170623779297,1.9883689880371094,0.9678426384925842,1.3748304843902588,40772
10.248064994812012,1.987943410873413,0.9673840403556824,1.3742165565490723,41120
10.258990049362183,1.9881585836410522,0.9674734473228455,1.3734220266342163,40208
10.268584728240967,1.9874110221862793,0.9665587544441223,1.3728241920471191,41828
10.27829360961914,1.9873323440551758,0.9664548635482788,1.3722470998764038,40560
10.288838624954224,1.9871171712875366,0.9663624167442322,1.3716135025024414,40486
10.298296213150024,1.987701177597046,0.9662200212478638,1.3707349300384521,40629
10.30843210220337,1.9875763654708862,0.9662333726882935,1.3701146841049194,40331
10.318413972854614,1.987474799156189,0.9659222364425659,1.3696368932724,40932
10.328830480575562,1.9874722957611084,0.9657226204872131,1.368982195854187,40727
10.338500499725342,1.987117886543274,0.965893566608429,1.368636965751648,40127
10.348077535629272,1.986977458000183,0.9657915234565735,1.3681926727294922,40543
10.358496904373169,1.9866526126861572,0.9651016592979431,1.3676387071609497,41527
10.368946313858032,1.9865950345993042,0.9652114510536194,1.367120385169983,40234
10.378571510314941,1.9865431785583496,0.9651175737380981,1.3667118549346924,40534
10.388681888580322,1.986466884613037,0.9650479555130005,1.366283893585205,40542
10.399279832839966,1.9865310192108154,0.9649162888526917,1.365761637687683,40643
10.409137487411499,1.9867959022521973,0.965407133102417,1.3652979135513306,39581
10.4190833568573,1.9868066310882568,0.965082585811615,1.3647948503494263,40953
10.42922830581665,1.986749529838562,0.9649146199226379,1.364427924156189,40761
10.4391348361969,1.9867056608200073,0.964897871017456,1.3640098571777344,40419
10.448233842849731,1.9863958358764648,0.9646570086479187,1.36384916305542,40811
10.459661722183228,1.9862867593765259,0.9645825028419495,1.3635787963867188,40560
10.469271898269653,1.9860881567001343,0.9646618366241455,1.3633785247802734,40299
10.478646993637085,1.986011028289795,0.9644268155097961,1.363146185874939,40807
10.488688707351685,1.9856767654418945,0.9637546539306641,1.3628071546554565,41535
10.498368263244629,1.9856958389282227,0.9636235237121582,1.3625160455703735,40662
10.50936508178711,1.9856029748916626,0.9636217951774597,1.3622751235961914,40437
10.519327640533447,1.985581636428833,0.96336829662323,1.3620506525039673,40865
10.529428720474243,1.985677719116211,0.9633738398551941,1.3617885112762451,40457
10.53947377204895,1.9857761859893799,0.963171660900116,1.3615593910217285,40782
10.54872751235962,1.9855653047561646,0.963119387626648,1.3615267276763916,40555
10.558522701263428,1.985916018486023,0.9636213183403015,1.3612618446350098,39621
10.569061756134033,1.985520839691162,0.9624467492103577,1.3612090349197388,42369
10.578994274139404,1.9854875802993774,0.9624937176704407,1.361053466796875,40446
10.589399099349976,1.985461950302124,0.9624188542366028,1.3610042333602905,40547
10.598952293395996,1.9852228164672852,0.962287962436676,1.3611184358596802,40749
10.608770847320557,1.985724925994873,0.9631162285804749,1.3609237670898438,39153
10.61857295036316,1.9857330322265625,0.9629276990890503,1.3609439134597778,40774
10.629244089126587,1.9856928586959839,0.9630069732666016,1.3609634637832642,40413
10.638706922531128,1.9856656789779663,0.9628683924674988,1.3609946966171265,40691
10.649155378341675,1.9852656126022339,0.9623092412948608,1.3612850904464722,41399
10.658233404159546,1.985262155532837,0.9623401165008545,1.361371397972107,40440
10.6692373752594,1.9852138757705688,0.9621261358261108,1.361542820930481,40809
10.678220748901367,1.9851772785186768,0.9621867537498474,1.3617061376571655,40419
10.688360452651978,1.9852042198181152,0.9621132016181946,1.3618323802947998,40612
10.699587106704712,1.9852312803268433,0.9621263742446899,1.3619766235351562,40478
10.709807395935059,1.985070824623108,0.9618390798568726,1.3620665073394775,40972
10.719502449035645,1.9850690364837646,0.9617655277252197,1.3623011112213135,40643
10.728300333023071,1.9850414991378784,0.9617345333099365,1.3625640869140625,40550
10.738531112670898,1.9850658178329468,0.9618278741836548,1.3628214597702026,40367
10.748748064041138,1.9850341081619263,0.9615689516067505,1.363158941268921,40942
10.758220195770264,1.9849809408187866,0.9621060490608215,1.3635189533233643,39634
10.768340587615967,1.9850775003433228,0.9617972373962402,1.3638347387313843,41008
10.778372764587402,1.9851058721542358,0.9618344902992249,1.3640990257263184,40474
10.78903317451477,1.985135555267334,0.9618072509765625,1.3644181489944458,40555
10.799400091171265,1.985467553138733,0.9619402289390564,1.3646761178970337,40323
10.809211730957031,1.9856661558151245,0.962323009967804,1.3651055097579956,39893
10.818320751190186,1.9854100942611694,0.9621004462242126,1.365764856338501,40886
10.828927278518677,1.9854724407196045,0.9620926976203918,1.3662391901016235,40562
10.839014530181885,1.9855010509490967,0.9622328281402588,1.366651177406311,40269
10.848239183425903,1.9855520725250244,0.9621332883834839,1.3670570850372314,40676
10.85881233215332,1.9854379892349243,0.9620572924613953,1.3676087856292725,40620
10.86853814125061,1.9855427742004395,0.9620919823646545,1.3680503368377686,40482
10.879080057144165,1.9855289459228516,0.9619866609573364,1.3686195611953735,40639
10.889534950256348,1.9860109090805054,0.9622543454170227,1.3690558671951294,40153
10.898262739181519,1.9859929084777832,0.9619489312171936,1.3696300983428955,40993
10.90851879119873,1.986136794090271,0.9621092677116394,1.3701483011245728,40291
10.91828727722168,1.9859108924865723,0.9618869423866272,1.3708101511001587,40850
10.928654432296753,1.986336588859558,0.9621536731719971,1.3711905479431152,40121
10.939046859741211,1.985952377319336,0.9616397619247437,1.3720535039901733,41335
10.94928789138794,1.9857501983642578,0.9615746140480042,1.3728160858154297,40657
10.958237171173096,1.9855875968933105,0.9615650773048401,1.3735947608947754,40514
10.968804359436035,1.9855958223342896,0.961348295211792,1.3743793964385986,40867
10.979453325271606,1.9863516092300415,0.9622317552566528,1.3749547004699707,39095
10.988026857376099,1.9865134954452515,0.9623472690582275,1.3755748271942139,40309
10.99858546257019,1.986816644668579,0.9622219800949097,1.3760887384414673,40771
11.008990287780762,1.986496090888977,0.9619753956794739,1.3770592212677002,40900
11.018372774124146,1.9864205121994019,0.961918294429779,1.377959132194519,40609
11.028746128082275,1.986329197883606,0.9615200161933899,1.3787436485290527,41151
11.038396120071411,1.986726999282837,0.9614915251731873,1.3792955875396729,40576
11.048506259918213,1.986406683921814,0.9611266255378723,1.3804093599319458,41096
11.058982372283936,1.9863539934158325,0.9609904885292053,1.3812284469604492,40777
11.069511413574219,1.9866470098495483,0.9613878130912781,1.3820055723190308,39865
11.079425573348999,1.986678123474121,0.9613186120986938,1.3827950954437256,40640
11.08861517906189,1.9868474006652832,0.9615343809127808,1.3836857080459595,40207
11.098933458328247,1.9868240356445312,0.9610792994499207,1.3847060203552246,41272
11.109619379043579,1.986825704574585,0.9610688090324402,1.385569453239441,40579
11.119383096694946,1.9869986772537231,0.9611893892288208,1.3864271640777588,40323
11.12917947769165,1.9870561361312866,0.9612698554992676,1.3872579336166382,40410
11.139595031738281,1.9871124029159546,0.9612345099449158,1.3881386518478394,40591
11.149685144424438,1.9872034788131714,0.9610305428504944,1.3892379999160767,40881
11.159608840942383,1.9873756170272827,0.9611855149269104,1.390188455581665,40276
11.16975998878479,1.9875568151474,0.9612813591957092,1.3910874128341675,40372
11.179906606674194,1.987847924232483,0.9619725942611694,1.3921959400177002,39426
11.188635349273682,1.9877281188964844,0.9614969491958618,1.3932349681854248,41310
11.199309825897217,1.9879881143569946,0.9613649249076843,1.3941081762313843,40770
11.209107637405396,1.9881083965301514,0.9614415168762207,1.3950436115264893,40384
11.21834921836853,1.9881662130355835,0.9611006379127502,1.3959771394729614,41085
11.228795528411865,1.9880250692367554,0.961065411567688,1.3971589803695679,40608
11.23980164527893,1.9880508184432983,0.9609394073486328,1.3981229066848755,40730
11.249194622039795,1.988181471824646,0.9610087275505066,1.3991456031799316,40423
11.259028196334839,1.9885358810424805,0.961409330368042,1.4001961946487427,39886
11.26818585395813,1.9887067079544067,0.9614431262016296,1.401117205619812,40477
11.278967380523682,1.988149881362915,0.9610093235969543,1.4024195671081543,41279
11.28832721710205,1.9885586500167847,0.9610727429389954,1.4033598899841309,40446
11.298266649246216,1.9884291887283325,0.9610170125961304,1.4045628309249878,40591
11.30957317352295,1.9886902570724487,0.9611694812774658,1.4056001901626587,40328
11.31924843788147,1.9885116815567017,0.9608792066574097,1.4067634344100952,41016
11.329641819000244,1.9885694980621338,0.9609683752059937,1.4079985618591309,40420
11.339016675949097,1.9891051054000854,0.9612394571304321,1.4089604616165161,40082
11.349043607711792,1.9889544248580933,0.9613319039344788,1.4101691246032715,40404
11.359356880187988,1.9889363050460815,0.9610955715179443,1.411428451538086,40944
11.369107484817505,1.989172101020813,0.961521565914154,1.4127118587493896,39869
11.37919306755066,1.9890514612197876,0.9610456824302673,1.4137686491012573,41305
11.388790130615234,1.9893596172332764,0.9611632227897644,1.4148820638656616,40387
11.398800373077393,1.9888079166412354,0.9607276916503906,1.4161230325698853,41232
11.409263610839844,1.9888558387756348,0.9604191780090332,1.4172812700271606,41081
11.41929841041565,1.98907470703125,0.9610954523086548,1.4187380075454712,39430
11.429206371307373,1.9892044067382812,0.9612560272216797,1.4198580980300903,40262
11.439367294311523,1.9892923831939697,0.9610964059829712,1.4210766553878784,40846
11.44924283027649,1.9893070459365845,0.9609857797622681,1.4223893880844116,40755
11.459030628204346,1.989129662513733,0.9613293409347534,1.423737645149231,39996
11.469017505645752,1.9895269870758057,0.9615135192871094,1.4249404668807983,40260
11.478941440582275,1.9894379377365112,0.9613065123558044,1.4261791706085205,40873
11.488921642303467,1.9898467063903809,0.9615611433982849,1.4274837970733643,40154
11.499402284622192,1.9894826412200928,0.9617830514907837,1.4288629293441772,40186
11.509591817855835,1.9899076223373413,0.9621807336807251,1.4302501678466797,39920
11.52012324333191,1.9899622201919556,0.961804986000061,1.4314631223678589,41150
11.529853343963623,1.989664077758789,0.9619439244270325,1.4329088926315308,40354
11.539880275726318,1.9899771213531494,0.9624142646789551,1.4341586828231812,39764
11.549801111221313,1.9903886318206787,0.96291184425354,1.4354757070541382,39689
11.560045957565308,1.9903564453125,0.9626883864402771,1.4369490146636963,40928
11.568817138671875,1.9906471967697144,0.9626695513725281,1.438157320022583,40592
11.579228401184082,1.9905521869659424,0.962899923324585,1.439512848854065,40153
11.588369369506836,1.9906061887741089,0.9627191424369812,1.4408553838729858,40821
11.599146842956543,1.9910335540771484,0.9634338021278381,1.4421155452728271,39374
11.608616352081299,1.990939974784851,0.9633351564407349,1.4436182975769043,40664
11.618829727172852,1.9909831285476685,0.963441789150238,1.4448740482330322,40373
11.629278898239136,1.9913487434387207,0.9636295437812805,1.446363091468811,40208
11.639343023300171,1.9913445711135864,0.9640045166015625,1.4478018283843994,39905
11.649104118347168,1.9914311170578003,0.9641901254653931,1.4490047693252563,40224
11.65844202041626,1.9916164875030518,0.9644188284873962,1.4504340887069702,40143
11.66808557510376,1.9917773008346558,0.9645251631736755,1.4517772197723389,40324
11.67906665802002,1.9915246963500977,0.9644898772239685,1.4532173871994019,40555
11.688760042190552,1.9917696714401245,0.9648144245147705,1.4544694423675537,39966
11.699021577835083,1.9915424585342407,0.9647681713104248,1.455930471420288,40568
11.709436893463135,1.9917689561843872,0.9649017453193665,1.4573227167129517,40290
11.71949315071106,1.9920991659164429,0.9653263092041016,1.4586106538772583,39803
11.729549407958984,1.9923182725906372,0.9652304649353027,1.4598560333251953,40636
11.739534378051758,1.992004632949829,0.9652686715126038,1.4614025354385376,40438
11.748589992523193,1.9925155639648438,0.9657698273658752,1.4626331329345703,39660
11.759089708328247,1.9931154251098633,0.9657058715820312,1.4638235569000244,40560
11.768517971038818,1.9930654764175415,0.9659901857376099,1.465279459953308,40041
11.780086755752563,1.9930084943771362,0.9654921889305115,1.4667460918426514,41291
11.789712190628052,1.9934364557266235,0.9665773510932922,1.4680911302566528,38723
11.79914927482605,1.9933618307113647,0.9661195874214172,1.469301462173462,41175
11.809727668762207,1.993586778640747,0.9662489891052246,1.4705859422683716,40305
11.81951642036438,1.9937822818756104,0.9664320349693298,1.4720878601074219,40141
11.829612493515015,1.9939764738082886,0.9664885401725769,1.473304033279419,40363
11.83846926689148,1.9940845966339111,0.96688312292099,1.4746242761611938,39837
11.84824514389038,1.9943794012069702,0.9669434428215027,1.4759196043014526,40367
11.859819412231445,1.9944143295288086,0.9669292569160461,1.4772628545761108,40483
11.86912202835083,1.9947350025177002,0.9672595262527466,1.478466510772705,39906
11.878658771514893,1.994874119758606,0.9673404693603516,1.4798023700714111,40316
11.888650894165039,1.9951962232589722,0.9675461649894714,1.481143593788147,40115
11.898390769958496,1.995513916015625,0.9677696824073792,1.4825243949890137,40078
11.90999174118042,1.9957542419433594,0.9681210517883301,1.4837162494659424,39887
11.918407201766968,1.9960510730743408,0.9683972001075745,1.4850716590881348,39997
11.928964853286743,1.9960476160049438,0.9681937098503113,1.4863516092300415,40765
11.938490152359009,1.996384620666504,0.9684027433395386,1.4876893758773804,40094
11.949175596237183,1.996427059173584,0.9685305953025818,1.4887659549713135,40202
11.959672212600708,1.996680736541748,0.9684597253799438,1.4901237487792969,40541
11.968560457229614,1.9969172477722168,0.9687835574150085,1.4914565086364746,39897
11.978317737579346,1.9970859289169312,0.9688167572021484,1.4926785230636597,40367
11.98926591873169,1.9975546598434448,0.9691665768623352,1.4939205646514893,39863
11.999036312103271,1.9974888563156128,0.9691683053970337,1.495190143585205,40407
12.009209394454956,1.9978669881820679,0.9693514108657837,1.4964932203292847,40126
12.019043922424316,1.9982495307922363,0.9696402549743652,1.497692584991455,39924
12.029380559921265,1.9984785318374634,0.969825804233551,1.4989147186279297,40113
12.038820743560791,1.9987492561340332,0.9701928496360779,1.5002940893173218,39807
12.048752307891846,1.9987343549728394,0.9699544310569763,1.5015830993652344,40780
12.059127569198608,1.9992561340332031,0.9702649116516113,1.5028228759765625,39911
12.069350719451904,1.9993455410003662,0.9704259037971497,1.503934621810913,40114
12.079267501831055,1.9997057914733887,0.970897376537323,1.505096197128296,39634
12.08896541595459,1.9995741844177246,0.9701757431030273,1.5064409971237183,41547
12.098482608795166,1.999914288520813,0.9704416990280151,1.5075949430465698,39967
12.108527660369873,2.0003304481506348,0.9708577990531921,1.508787989616394,39679
12.118983507156372,2.0005252361297607,0.9709098935127258,1.510054111480713,40290
12.129634141921997,2.0004913806915283,0.970784604549408,1.511294960975647,40611
12.139747142791748,2.0007846355438232,0.9704225063323975,1.5123618841171265,40968
12.149314403533936,2.0013644695281982,0.9714387655258179,1.5134360790252686,38729
12.159425258636475,2.0015652179718018,0.9709504246711731,1.5145995616912842,41142
12.169406175613403,2.001689910888672,0.9707151651382446,1.5158147811889648,40792
12.17932939529419,2.0018153190612793,0.9711465239524841,1.517106056213379,39662
12.18886113166809,2.0022246837615967,0.970770537853241,1.518123984336853,40968
12.199388265609741,2.002760410308838,0.9713022708892822,1.5190846920013428,39548
12.208415031433105,2.0024800300598145,0.9708210825920105,1.5202940702438354,41139
12.218971014022827,2.002843141555786,0.9710385203361511,1.521487832069397,40047
12.22883677482605,2.003194570541382,0.9711588621139526,1.5225783586502075,40155
12.238969087600708,2.003728151321411,0.9717821478843689,1.523627519607544,39371
12.249273777008057,2.0039327144622803,0.9718666076660156,1.5248433351516724,40232
12.259485960006714,2.0042266845703125,0.9720821976661682,1.5259490013122559,40028
12.268337726593018,2.0040974617004395,0.9714187979698181,1.526990294456482,41432
12.279742240905762,2.004503011703491,0.97203528881073,1.5279895067214966,39381
12.289371967315674,2.0050246715545654,0.9724818468093872,1.5290307998657227,39614
12.299234867095947,2.005075693130493,0.9723584651947021,1.530090570449829,40566
12.308518886566162,2.0054550170898438,0.9728252291679382,1.5312517881393433,39596
12.318984270095825,2.0055572986602783,0.9725602269172668,1.5324026346206665,40764
12.32864785194397,2.0060312747955322,0.9730258584022522,1.5332622528076172,39609
12.338769674301147,2.006232738494873,0.9729950428009033,1.5342437028884888,40371
12.34855604171753,2.0062849521636963,0.9729541540145874,1.5352321863174438,40420
12.358434915542603,2.0064961910247803,0.9727908372879028,1.536320447921753,40597
12.369639158248901,2.006868839263916,0.9726839065551758,1.5373915433883667,40515
12.37842059135437,2.007282257080078,0.9732480049133301,1.5382634401321411,39424
12.388675689697266,2.0079116821289062,0.97386234998703,1.5391920804977417,39334
12.399461507797241,2.007704973220825,0.9733702540397644,1.5401999950408936,41132
12.409393310546875,2.008073091506958,0.9731220006942749,1.540961503982544,40752
12.41852355003357,2.0085198879241943,0.9732350707054138,1.5418673753738403,40138
12.428694486618042,2.0084590911865234,0.9731912612915039,1.5429199934005737,40397
12.438530206680298,2.0090854167938232,0.9730883836746216,1.543875813484192,40510
12.44827151298523,2.0093672275543213,0.9730082750320435,1.5447295904159546,40461
12.459017515182495,2.009336233139038,0.9723972678184509,1.545746922492981,41336
12.469098806381226,2.0094194412231445,0.9722415804862976,1.5466070175170898,40608
12.479134559631348,2.0099430084228516,0.9727060794830322,1.547536015510559,39592
12.489086866378784,2.010161876678467,0.9726434350013733,1.5483131408691406,40446
12.498918294906616,2.010557174682617,0.9731545448303223,1.5491087436676025,39536
12.50964641571045,2.0106608867645264,0.9728915095329285,1.5500743389129639,40762
12.519509553909302,2.0107455253601074,0.9729261994361877,1.5508962869644165,40296
12.529600858688354,2.0108015537261963,0.9724522829055786,1.5518454313278198,41109
12.538352727890015,2.0112335681915283,0.9727210998535156,1.552625060081482,39920
12.54834771156311,2.011610269546509,0.9730880260467529,1.5533639192581177,39745
12.559328317642212,2.011986255645752,0.9732515215873718,1.554150938987732,40080
12.569194555282593,2.0122604370117188,0.9735646843910217,1.5550243854522705,39837
12.579322099685669,2.0120463371276855,0.9724084138870239,1.5559947490692139,42209
12.589524030685425,2.0121681690216064,0.9724071621894836,1.5567657947540283,40368
12.598261833190918,2.012507677078247,0.9724562168121338,1.5574076175689697,40259
12.609543323516846,2.01306414604187,0.9730176329612732,1.5581215620040894,39445
12.618452310562134,2.01322865486145,0.9727424383163452,1.5588310956954956,40797
12.628283500671387,2.0134353637695312,0.9724685549736023,1.559584140777588,40807
12.638901710510254,2.0131025314331055,0.9716018438339233,1.5603350400924683,41759
12.648576736450195,2.0131890773773193,0.9714198112487793,1.5612136125564575,40668
12.658501625061035,2.0137181282043457,0.9721014499664307,1.5618925094604492,39265
12.669051170349121,2.0140769481658936,0.9721230268478394,1.562526822090149,40337
12.678691625595093,2.0143015384674072,0.97221839427948,1.563283920288086,40217
12.689030885696411,2.0146126747131348,0.9724674820899963,1.563858151435852,39967
12.699368953704834,2.0147554874420166,0.9722955822944641,1.5646226406097412,40635
12.708908557891846,2.0146701335906982,0.972015380859375,1.5653510093688965,40817
12.718390941619873,2.0149288177490234,0.9722692966461182,1.5661144256591797,39959
12.728869199752808,2.0150561332702637,0.9722241163253784,1.5668601989746094,40430
12.73937201499939,2.015286922454834,0.9723016023635864,1.5673694610595703,40244
12.74829888343811,2.01545786857605,0.9723616242408752,1.567976713180542,40262
12.758421659469604,2.0155787467956543,0.9725569486618042,1.5685216188430786,40047
12.768380880355835,2.015594005584717,0.9722805619239807,1.5692567825317383,40806
12.778456449508667,2.015678644180298,0.9724288582801819,1.5698949098587036,40127
12.78831171989441,2.0157253742218018,0.9723196625709534,1.570692777633667,40532
12.798383712768555,2.0158371925354004,0.9724024534225464,1.5712214708328247,40228
12.809080600738525,2.015831470489502,0.9720824956893921,1.5717653036117554,40879
12.819932699203491,2.0161969661712646,0.9722972512245178,1.5723464488983154,40021
12.82973837852478,2.0161662101745605,0.9721767902374268,1.5728486776351929,40555
12.839257001876831,2.016406536102295,0.972407341003418,1.5734422206878662,39996
12.849033117294312,2.0166380405426025,0.9725642800331116,1.5741612911224365,40108
12.859257698059082,2.0163941383361816,0.9720128178596497,1.5748003721237183,41256
12.86930227279663,2.0163285732269287,0.9718091487884521,1.5753099918365479,40702
12.879128456115723,2.016258955001831,0.9713850021362305,1.5758874416351318,41061
12.88884162902832,2.01644229888916,0.9712148904800415,1.5763379335403442,40663
12.898322582244873,2.01668381690979,0.9715969562530518,1.5767749547958374,39766
12.908378601074219,2.016719341278076,0.9715341925621033,1.5773333311080933,40482
12.918546915054321,2.016818046569824,0.971903920173645,1.5779271125793457,39789
12.92988109588623,2.0168933868408203,0.9721452593803406,1.5785213708877563,39982
12.939096450805664,2.0167899131774902,0.9714658856391907,1.5789356231689453,41477
12.948644399642944,2.01655650138855,0.9710498452186584,1.5794562101364136,41062
12.95885682106018,2.016490936279297,0.970866322517395,1.5799542665481567,40691
12.96860408782959,2.0163605213165283,0.9707678556442261,1.580405592918396,40562
12.978646278381348,2.016519784927368,0.9709548354148865,1.5808287858963013,40097
12.989226579666138,2.0167689323425293,0.9711354374885559,1.5813183784484863,40104
12.998324632644653,2.0167951583862305,0.9712564945220947,1.58180570602417,40204
13.009346008300781,2.0169496536254883,0.9714764356613159,1.582202434539795,40039
13.019309282302856,2.0164928436279297,0.970440685749054,1.582688808441162,42068
13.029200792312622,2.0163962841033936,0.9706167578697205,1.5830637216567993,40127
13.039749383926392,2.0161354541778564,0.9700965285301208,1.5835633277893066,41249
13.048316717147827,2.0162482261657715,0.9703832268714905,1.5839040279388428,39954
13.059820413589478,2.0161373615264893,0.9701529741287231,1.584409236907959,40789
13.068345308303833,2.0161311626434326,0.9702673554420471,1.5848883390426636,40237
13.079119205474854,2.0161337852478027,0.9702538847923279,1.5851856470108032,40437
13.088493347167969,2.0161070823669434,0.9700842499732971,1.5855484008789062,40695
13.098509550094604,2.016077756881714,0.9702668786048889,1.585841417312622,40123
13.1093168258667,2.0160441398620605,0.9703360199928284,1.5862717628479004,40306
13.119472742080688,2.0156402587890625,0.9694656133651733,1.5867342948913574,41830
13.129286766052246,2.0156474113464355,0.969902515411377,1.5871226787567139,39729
13.13960075378418,2.0153517723083496,0.9694194197654724,1.5875121355056763,41216
13.148716688156128,2.015172004699707,0.9691911935806274,1.5877928733825684,40810
13.158589363098145,2.0149762630462646,0.968887448310852,1.588109016418457,40939
13.16906452178955,2.014827013015747,0.9688295722007751,1.5884443521499634,40545
13.178927898406982,2.0149266719818115,0.9692073464393616,1.5887519121170044,39840
13.188737392425537,2.014997720718384,0.9692467451095581,1.5891034603118896,40376
13.198499917984009,2.014984130859375,0.9693167805671692,1.5894359350204468,40334
13.209002017974854,2.014871120452881,0.9693887829780579,1.5897492170333862,40337
13.21953821182251,2.014843225479126,0.9693140387535095,1.5899678468704224,40562
13.229356050491333,2.014392375946045,0.9691153764724731,1.5903050899505615,40766
13.239240169525146,2.0142245292663574,0.9689378142356873,1.5905922651290894,40741
13.249156713485718,2.0141565799713135,0.968932032585144,1.5908724069595337,40460
13.258371114730835,2.0140650272369385,0.9689245820045471,1.5911227464675903,40468
13.26928186416626,2.0137481689453125,0.9686455726623535,1.591490387916565,40908
13.278709173202515,2.0135366916656494,0.9684672951698303,1.5917296409606934,40756
13.288763046264648,2.013385534286499,0.9682968854904175,1.5919147729873657,40741
13.29857850074768,2.013164758682251,0.9680057168006897,1.5920989513397217,40938
13.308510303497314,2.013174057006836,0.9681649804115295,1.5922755002975464,40221
13.319484949111938,2.0131993293762207,0.9682802557945251,1.5924663543701172,40288
13.329272985458374,2.013007164001465,0.968130886554718,1.592804193496704,40716
13.339105367660522,2.0128345489501953,0.9682353138923645,1.5929902791976929,40309
13.34818983078003,2.012766122817993,0.9684217572212219,1.593160629272461,40171
13.359016418457031,2.012681007385254,0.9683520197868347,1.5932680368423462,40583
13.368477582931519,2.0124967098236084,0.9681647419929504,1.593381643295288,40783
13.379557132720947,2.0125367641448975,0.9682130813598633,1.5935347080230713,40400
13.388976812362671,2.012305498123169,0.9680529236793518,1.5936869382858276,40736
13.398208379745483,2.0119616985321045,0.9678204655647278,1.5940433740615845,40861
13.409265756607056,2.011910915374756,0.9675658941268921,1.5941904783248901,40898
13.419286251068115,2.0117428302764893,0.9676679968833923,1.5942552089691162,40320
13.42953896522522,2.0116214752197266,0.9671475291252136,1.5944712162017822,41344
13.439400672912598,2.01155161857605,0.9670642018318176,1.594538688659668,40631
13.449321985244751,2.011284589767456,0.9671895503997803,1.5946416854858398,40309
13.459109783172607,2.0111746788024902,0.9669843912124634,1.5948538780212402,40833
13.469513893127441,2.01112699508667,0.9668682813644409,1.5949677228927612,40693
13.479513883590698,2.011068105697632,0.967167317867279,1.5950525999069214,40029
13.488471984863281,2.0110890865325928,0.9672011733055115,1.595166563987732,40453
13.498589754104614,2.0108642578125,0.9669865369796753,1.5952534675598145,40853
13.508446216583252,2.010807752609253,0.9670924544334412,1.5953084230422974,40339
13.519378423690796,2.010737657546997,0.9670401215553284,1.595421552658081,40590
13.529666900634766,2.0107452869415283,0.9670887589454651,1.5955754518508911,40430
13.538871049880981,2.010709762573242,0.967235803604126,1.595686435699463,40269
13.548793315887451,2.010549545288086,0.9668799638748169,1.5958622694015503,41085
13.559494495391846,2.010441541671753,0.966827929019928,1.5958917140960693,40607
13.568828582763672,2.0103600025177,0.9666923880577087,1.5959696769714355,40736
13.579552412033081,2.010326862335205,0.9666218161582947,1.596053123474121,40633
13.588499069213867,2.010282039642334,0.9667617082595825,1.5961413383483887,40294
13.598849058151245,2.010288953781128,0.9667283296585083,1.5962227582931519,40569
13.609568357467651,2.010221004486084,0.9666914939880371,1.5964207649230957,40581
13.619333267211914,2.010192632675171,0.9667796492576599,1.596484661102295,40380
13.628983736038208,2.010124444961548,0.9666635394096375,1.596498727798462,40708
13.639307498931885,2.0099942684173584,0.9663955569267273,1.5965694189071655,40954
13.648497104644775,2.0099642276763916,0.9665526747703552,1.5966275930404663,40276
13.658968925476074,2.0099849700927734,0.9665396809577942,1.5967063903808594,40547
13.668147802352905,2.0097720623016357,0.9663349986076355,1.5969260931015015,40860
13.67914366722107,2.0095038414001465,0.96628338098526,1.597062349319458,40617
13.68906021118164,2.009504556655884,0.9662593007087708,1.5971158742904663,40572
13.698796033859253,2.009493827819824,0.9662500023841858,1.5971617698669434,40545
13.70899224281311,2.0091943740844727,0.9659686088562012,1.5972551107406616,40991
13.718603610992432,2.009477138519287,0.9663649797439575,1.5972607135772705,39897
13.72838568687439,2.0094988346099854,0.966400146484375,1.597320795059204,40472
13.73937177658081,2.009335517883301,0.9663698077201843,1.597550868988037,40587
13.749438285827637,2.0093586444854736,0.9663800597190857,1.5976370573043823,40512
13.75888466835022,2.0093252658843994,0.9663970470428467,1.597661018371582,40504
13.768715620040894,2.009268045425415,0.9664452075958252,1.5976753234863281,40457
13.779676675796509,2.0091466903686523,0.9664000272750854,1.597794532775879,40604
13.789477586746216,2.009324312210083,0.9667699337005615,1.5978214740753174,39933
13.799439191818237,2.009182929992676,0.9664646983146667,1.597874402999878,41020
13.809308767318726,2.00921630859375,0.9664877653121948,1.597938895225525,40498
13.819008111953735,2.0093488693237305,0.9670841097831726,1.597981333732605,39567
13.829211711883545,2.009249448776245,0.9667986035346985,1.5980385541915894,40983
13.838834762573242,2.0092616081237793,0.9668172001838684,1.5980359315872192,40493
13.84875202178955,2.0092813968658447,0.9669221639633179,1.5980714559555054,40361
13.859276533126831,2.00933575630188,0.9669657945632935,1.5981098413467407,40456
13.869462251663208,2.0094594955444336,0.9672597050666809,1.598212480545044,40047
13.878564834594727,2.009606122970581,0.9675082564353943,1.5982491970062256,40117
13.88901972770691,2.0095441341400146,0.9673764705657959,1.598339319229126,40725
13.898376941680908,2.009889602661133,0.9678993821144104,1.5982487201690674,39669
13.908862352371216,2.0099315643310547,0.9678666591644287,1.5982612371444702,40557
13.919007539749146,2.010047435760498,0.9680248498916626,1.5982866287231445,40250
13.929147720336914,2.010258197784424,0.9685067534446716,1.5982584953308105,39719
13.93954849243164,2.010242223739624,0.9683651924133301,1.598341703414917,40721
13.948406219482422,2.010512590408325,0.9687651991844177,1.5983467102050781,39844
13.95933747291565,2.0105209350585938,0.9688355326652527,1.5983712673187256,40372
13.969157934188843,2.0106587409973145,0.968872606754303,1.598388433456421,40425
13.97925591468811,2.010759115219116,0.9688515067100525,1.5983566045761108,40517
13.989253520965576,2.0108816623687744,0.9689322710037231,1.5983915328979492,40354
13.999372243881226,2.0110175609588623,0.9690590500831604,1.5984337329864502,40272
14.009344339370728,2.011101722717285,0.969163715839386,1.598469614982605,40311
14.019540071487427,2.011399269104004,0.9693797826766968,1.5985203981399536,40126
14.029335737228394,2.011486530303955,0.9694395065307617,1.598525047302246,40378
14.039441585540771,2.0115790367126465,0.9694303870201111,1.5985151529312134,40489
14.048470735549927,2.01163649559021,0.9693001508712769,1.598494529724121,40685
14.059378147125244,2.0117456912994385,0.9694358110427856,1.5985121726989746,40255
14.06944727897644,2.0120158195495605,0.9697259664535522,1.5984890460968018,40004
14.079359292984009,2.0120184421539307,0.9694634675979614,1.5985794067382812,40891
14.089109659194946,2.0122814178466797,0.9698783159255981,1.598567247390747,39802
14.099191665649414,2.0126609802246094,0.9700149297714233,1.5985469818115234,40243
14.109158515930176,2.01275897026062,0.9699482321739197,1.5985392332077026,40567
14.119054317474365,2.0128796100616455,0.9700330495834351,1.5985405445098877,40327
14.129324674606323,2.0130555629730225,0.9698989391326904,1.5985325574874878,40678
14.13886547088623,2.0131537914276123,0.9697707295417786,1.5985493659973145,40672
14.148285150527954,2.013347864151001,0.9698585867881775,1.5985848903656006,40328
14.158576011657715,2.0136656761169434,0.9700639247894287,1.598575234413147,40132
14.169110298156738,2.01379132270813,0.9700492024421692,1.598544716835022,40485
14.179333925247192,2.0140371322631836,0.9700934886932373,1.598488688468933,40390
14.188417673110962,2.0141921043395996,0.970037043094635,1.598480224609375,40551
14.19916820526123,2.014357089996338,0.9701533913612366,1.598449945449829,40273
14.209450721740723,2.014543056488037,0.969902515411377,1.5984187126159668,40873
14.219013214111328,2.0147647857666016,0.969940185546875,1.5984221696853638,40399
14.228331089019775,2.0150301456451416,0.969879686832428,1.5983986854553223,40567
14.23905897140503,2.0153019428253174,0.9697078466415405,1.5984312295913696,40748
14.24903130531311,2.015556573867798,0.969599723815918,1.5983740091323853,40649
14.259088277816772,2.0157203674316406,0.9697775840759277,1.5983083248138428,40191
14.269157886505127,2.0158274173736572,0.9694700837135315,1.5982760190963745,40974
14.279502630233765,2.016000747680664,0.9686768054962158,1.5982046127319336,41766
14.289615154266357,2.016355037689209,0.9687973260879517,1.5981074571609497,40304
14.299143552780151,2.016660690307617,0.9687145948410034,1.5981858968734741,40644
14.308436870574951,2.0169081687927246,0.9688392281532288,1.59811532497406,40300
14.31946611404419,2.0169193744659424,0.9685044884681702,1.598068356513977,41043
14.329024076461792,2.017220973968506,0.9685047268867493,1.597976803779602,40503
14.339190244674683,2.01735782623291,0.9684689044952393,1.597902774810791,40569
14.349250793457031,2.017573356628418,0.968449592590332,1.5978355407714844,40539
14.358768939971924,2.017827272415161,0.9684843420982361,1.5978569984436035,40449
14.369484424591064,2.0182137489318848,0.9690181612968445,1.5976849794387817,39636
14.379066228866577,2.0183022022247314,0.9684562683105469,1.5975937843322754,41407
14.38844108581543,2.018442153930664,0.968302309513092,1.5975008010864258,40752
14.39868450164795,2.0187628269195557,0.9685458540916443,1.5973994731903076,40125
14.408574342727661,2.018836498260498,0.9681724309921265,1.5972955226898193,41114
14.418050289154053,2.01904034614563,0.9678357243537903,1.5972001552581787,41063
14.42863416671753,2.019185781478882,0.9680101275444031,1.5970827341079712,40246
14.439172267913818,2.019638776779175,0.9681205749511719,1.5970243215560913,40346
14.44817304611206,2.019866704940796,0.9682139754295349,1.5968201160430908,40362
14.458552122116089,2.0201799869537354,0.9681633114814758,1.596638560295105,40601
14.46839427947998,2.0203702449798584,0.9677217602729797,1.5964884757995605,41231
14.478856086730957,2.0204854011535645,0.9676868319511414,1.5963493585586548,40590
14.489393949508667,2.0207204818725586,0.96769779920578,1.596219539642334,40521
14.498549222946167,2.021117925643921,0.9677792191505432,1.59605872631073,40400
14.509483098983765,2.0214943885803223,0.9681910872459412,1.595861792564392,39861
14.518505811691284,2.0217084884643555,0.9681298136711121,1.5956904888153076,40617
14.529654741287231,2.0220401287078857,0.9683026075363159,1.595503568649292,40240
14.538514852523804,2.022120952606201,0.9683759808540344,1.5952879190444946,40401
14.548970699310303,2.0221827030181885,0.9682669639587402,1.595152735710144,40697
14.559220314025879,2.0223515033721924,0.9683324694633484,1.5950249433517456,40405
14.568792581558228,2.022432565689087,0.968476414680481,1.5949267148971558,40284
14.57960295677185,2.0225815773010254,0.9684553146362305,1.5947566032409668,40555
14.589020490646362,2.0229687690734863,0.9687055349349976,1.5944998264312744,40098
14.599215984344482,2.023048162460327,0.9687146544456482,1.594315767288208,40492
14.609618663787842,2.0232698917388916,0.9689188003540039,1.594099760055542,40176
14.618800401687622,2.023283004760742,0.9687744379043579,1.5939139127731323,40738
14.629485845565796,2.023435592651367,0.9690014123916626,1.5937247276306152,40138
14.639699697494507,2.0235109329223633,0.9689739346504211,1.593584656715393,40548
14.64857530593872,2.0237603187561035,0.9690138101577759,1.5933496952056885,40442
14.658483982086182,2.024235963821411,0.9699988961219788,1.5930732488632202,38903
14.668906450271606,2.0243473052978516,0.9699529409408569,1.592878818511963,40556
14.679036378860474,2.0242793560028076,0.9697661399841309,1.5926601886749268,40760
14.688543319702148,2.0243639945983887,0.9698675870895386,1.592402458190918,40323
14.698598384857178,2.024289608001709,0.969768762588501,1.5921669006347656,40640
14.709191799163818,2.0243730545043945,0.9697909951210022,1.592031717300415,40448
14.719078063964844,2.0245487689971924,0.9698030948638916,1.5917997360229492,40464
14.729512453079224,2.02449631690979,0.9697368741035461,1.5916036367416382,40592
14.739944458007812,2.024925947189331,0.9702408313751221,1.5913242101669312,39668
14.74921703338623,2.0248520374298096,0.9701859951019287,1.5910906791687012,40565
14.758687257766724,2.0247788429260254,0.970162570476532,1.5908620357513428,40511
14.769194602966309,2.024791717529297,0.970102071762085,1.5906901359558105,40571
14.779101133346558,2.0247042179107666,0.9699335098266602,1.5905001163482666,40750
14.7886381149292,2.0248167514801025,0.9702460765838623,1.5902653932571411,39975
14.798808813095093,2.0250353813171387,0.970421314239502,1.590034008026123,40198
14.808856725692749,2.0249524116516113,0.9703187346458435,1.589847445487976,40633
14.818436861038208,2.025139808654785,0.9706953763961792,1.5894882678985596,39863
14.828931331634521,2.0252201557159424,0.9709270000457764,1.5892506837844849,40091
14.838947296142578,2.0251851081848145,0.9708103537559509,1.5890231132507324,40644
14.848308563232422,2.0250771045684814,0.9709073305130005,1.5887737274169922,40303
14.859010457992554,2.025189161300659,0.9710133671760559,1.58854341506958,40292
14.869240283966064,2.0251264572143555,0.9709467887878418,1.5883599519729614,40565
14.879462718963623,2.024932861328125,0.9708552956581116,1.5881319046020508,40612
14.889776229858398,2.024993658065796,0.9710023999214172,1.5878511667251587,40223
14.899316787719727,2.024853467941284,0.9707635045051575,1.587632417678833,40848
14.9089674949646,2.0248477458953857,0.9710319638252258,1.587415099143982,40030
14.919569730758667,2.0251128673553467,0.9713075160980225,1.587105631828308,40015
14.92927598953247,2.024993658065796,0.9711536169052124,1.5868990421295166,40699
14.93905758857727,2.024860382080078,0.9710609912872314,1.586673378944397,40608
14.948384046554565,2.0248866081237793,0.9710254073143005,1.5864676237106323,40523
14.958513259887695,2.0248117446899414,0.9709509015083313,1.586137056350708,40583
14.969027042388916,2.02465558052063,0.9709457159042358,1.5858222246170044,40474
14.979033470153809,2.0246548652648926,0.9710413813591003,1.5854989290237427,40309
14.988770723342896,2.024531364440918,0.9708855152130127,1.5852972269058228,40716
14.998628377914429,2.024507999420166,0.9710543751716614,1.584986686706543,40196
15.009871482849121,2.0246427059173584,0.971177875995636,1.5847054719924927,40264
15.018657922744751,2.024564266204834,0.9711099863052368,1.5845195055007935,40568
15.02943229675293,2.024651527404785,0.971233069896698,1.5841618776321411,40260
15.039354801177979,2.0246336460113525,0.9712334275245667,1.583846926689148,40467
15.049277067184448,2.024540424346924,0.9711034297943115,1.5836411714553833,40672
15.059338808059692,2.024632215499878,0.9714851975440979,1.5833760499954224,39842
15.068224906921387,2.024446725845337,0.9712855219841003,1.5831176042556763,40781
15.078834772109985,2.0242676734924316,0.9711070656776428,1.5828709602355957,40745
15.088845014572144,2.024219036102295,0.9711650013923645,1.5825597047805786,40374
15.178273439407349,2.0240390300750732,0.9711840152740479,1.582338809967041,40434
15.186424732208252,2.0239617824554443,0.9710057973861694,1.5820833444595337,40752
15.19791316986084,2.0239148139953613,0.9710714817047119,1.5818731784820557,40356
15.203563213348389,2.023900270462036,0.9714491367340088,1.5816388130187988,39864
15.209603071212769,2.0239815711975098,0.9716641306877136,1.5812969207763672,40107
15.216031312942505,2.0238659381866455,0.9715337157249451,1.5810546875,40655
15.221823692321777,2.023735523223877,0.9714510440826416,1.580857515335083,40589
15.229024887084961,2.0235376358032227,0.9713119864463806,1.5806126594543457,40686
15.235025405883789,2.0233168601989746,0.9710164070129395,1.5803260803222656,40940
15.24168848991394,2.0232017040252686,0.9709731936454773,1.5801773071289062,40542
15.247085094451904,2.023134469985962,0.971661388874054,1.579953670501709,39357
15.252737045288086,2.0231733322143555,0.9718324542045593,1.5797300338745117,40178
15.258431673049927,2.0232431888580322,0.9720571637153625,1.5795210599899292,40076
15.264363050460815,2.0231847763061523,0.9721002578735352,1.5792591571807861,40374
15.26987600326538,2.023059129714966,0.9720322489738464,1.5790096521377563,40553
15.27591609954834,2.022902727127075,0.9719901084899902,1.578814148902893,40514
15.282957077026367,2.022792100906372,0.9719434380531311,1.5786597728729248,40524
15.288736581802368,2.0228052139282227,0.9723351001739502,1.5784355401992798,39814
15.294368743896484,2.022892951965332,0.9726765155792236,1.5781852006912231,39884
15.299849033355713,2.0227272510528564,0.9726458787918091,1.5779955387115479,40487
15.30597972869873,2.0225727558135986,0.972893476486206,1.5778053998947144,40023
15.311558723449707,2.0222327709198,0.9726440906524658,1.5775461196899414,40837
15.320547819137573,2.022223711013794,0.9728929996490479,1.5773026943206787,40026
15.328508853912354,2.0220727920532227,0.9728427529335022,1.5771418809890747,40512
15.338741540908813,2.0220375061035156,0.9731857180595398,1.5768128633499146,39867
15.349006175994873,2.021939277648926,0.9731999039649963,1.5766493082046509,40400
15.358977556228638,2.0217134952545166,0.9730803966522217,1.576481819152832,40612
15.369071960449219,2.021637439727783,0.9737099409103394,1.5761916637420654,39403
15.3790602684021,2.021329879760742,0.9735116958618164,1.5759509801864624,40737
15.389085054397583,2.0210683345794678,0.973397970199585,1.5757380723953247,40581
15.399316787719727,2.02082896232605,0.9732764959335327,1.5755256414413452,40614
15.409138202667236,2.0210113525390625,0.9739393591880798,1.5751975774765015,39348
15.419140577316284,2.0208780765533447,0.9740686416625977,1.5749258995056152,40195
15.429655313491821,2.020643711090088,0.9739668369293213,1.5747356414794922,40560
15.439868688583374,2.0202624797821045,0.9744137525558472,1.5745651721954346,39682
15.449119806289673,2.019986867904663,0.9743158221244812,1.5743354558944702,40550
15.459687232971191,2.0198962688446045,0.9744365811347961,1.5740305185317993,40192
15.468752384185791,2.019505739212036,0.9743492007255554,1.5737388134002686,40536
15.478554964065552,2.019371509552002,0.974844217300415,1.5734807252883911,39594
15.489249229431152,2.0192582607269287,0.9748762845993042,1.5732427835464478,40327
15.498347520828247,2.0188474655151367,0.9749355316162109,1.5729954242706299,40283
15.509238243103027,2.0184202194213867,0.9748437404632568,1.5726289749145508,40534
15.519301176071167,2.0183029174804688,0.9749619364738464,1.5723345279693604,40188
15.529226779937744,2.0180511474609375,0.9748547673225403,1.5720205307006836,40560
15.53893494606018,2.017791748046875,0.97516930103302,1.5717103481292725,39867
15.548393964767456,2.017590045928955,0.9752519726753235,1.5714025497436523,40242
15.559709310531616,2.017289638519287,0.9752610921859741,1.571134090423584,40357
15.569017887115479,2.0167601108551025,0.9750770330429077,1.570897102355957,40679
15.578968524932861,2.0163276195526123,0.9746376276016235,1.570558786392212,41087
15.58903455734253,2.015909194946289,0.9746842384338379,1.5702649354934692,40317
15.598370790481567,2.015608310699463,0.9753806591033936,1.5699080228805542,39262
15.60866665840149,2.0152175426483154,0.9751633405685425,1.5696923732757568,40723
15.619147539138794,2.0149686336517334,0.975267231464386,1.5693730115890503,40203
15.629170179367065,2.014514207839966,0.9752874970436096,1.5690408945083618,40344
15.638620376586914,2.014202117919922,0.975237250328064,1.5687639713287354,40455
15.648289203643799,2.0137767791748047,0.9751203060150146,1.5683176517486572,40559
15.65909743309021,2.0132617950439453,0.9751555323600769,1.5679885149002075,40321
15.668686866760254,2.012761116027832,0.9751791954040527,1.5677653551101685,40342
15.679101705551147,2.0125069618225098,0.9753178358078003,1.5674852132797241,40146
15.68955683708191,2.011937141418457,0.9750229716300964,1.5671991109848022,40850
15.698440790176392,2.011320114135742,0.9746996760368347,1.5668481588363647,40904
15.709075450897217,2.0107808113098145,0.974484920501709,1.5665289163589478,40735
15.718950033187866,2.0106475353240967,0.9748716354370117,1.5662068128585815,39765
15.729111909866333,2.0098373889923096,0.9743518233299255,1.5659152269363403,41227
15.738705158233643,2.009216547012329,0.9748131036758423,1.565568208694458,39649
15.74854302406311,2.008629560470581,0.9745317101478577,1.5652965307235718,40841
15.758488655090332,2.008312463760376,0.9750558137893677,1.5649187564849854,39535
15.769308805465698,2.007880926132202,0.974984884262085,1.5645750761032104,40493
15.779185771942139,2.0074710845947266,0.9750401377677917,1.5642509460449219,40294
15.78950572013855,2.0068490505218506,0.9748985171318054,1.5638329982757568,40610
15.798659801483154,2.006589651107788,0.9749917984008789,1.5634002685546875,40231
15.809338331222534,2.0059776306152344,0.9749457836151123,1.5630121231079102,40453
15.819354772567749,2.0057356357574463,0.9751227498054504,1.5626254081726074,40098
15.82975459098816,2.005321502685547,0.9750756621360779,1.5622398853302002,40455
15.838308572769165,2.0049386024475098,0.9759224653244019,1.5619447231292725,39006
15.849113464355469,2.0042173862457275,0.9755516052246094,1.5616453886032104,40963
15.85912013053894,2.0035221576690674,0.9755972623825073,1.5611677169799805,40292
15.869496822357178,2.002790689468384,0.9753144979476929,1.5607540607452393,40824
15.878607988357544,2.0023059844970703,0.9754747152328491,1.5604348182678223,40106
15.889522075653076,2.001692295074463,0.9751315712928772,1.560065746307373,40923
15.898785591125488,2.0011463165283203,0.9749020338058472,1.5597224235534668,40751
15.909414529800415,2.0006043910980225,0.9748650193214417,1.559325933456421,40442
15.918787479400635,2.000044345855713,0.974800169467926,1.5589642524719238,40489
15.928524017333984,1.9992575645446777,0.9745132923126221,1.5585486888885498,40852
15.938804388046265,1.9983640909194946,0.9745771288871765,1.5582859516143799,40288
15.948955535888672,1.997685194015503,0.9743529558181763,1.5578358173370361,40750
15.958575963973999,1.9972881078720093,0.9744612574577332,1.557387113571167,40214
15.9696204662323,1.9971438646316528,0.975377082824707,1.5570417642593384,38907
15.97981572151184,1.9967492818832397,0.9755502343177795,1.556661605834961,40090
15.989501476287842,1.9959896802902222,0.9749588370323181,1.556061029434204,41337
15.999632358551025,1.995240330696106,0.9746073484420776,1.555603265762329,40958
16.00877332687378,1.9950754642486572,0.9750460982322693,1.5551072359085083,39672
16.019405603408813,1.9944641590118408,0.9750421643257141,1.5546677112579346,40383
16.029146432876587,1.993923544883728,0.9748584032058716,1.5543056726455688,40685
16.038676977157593,1.9934941530227661,0.9756594896316528,1.5539841651916504,39083
16.0492844581604,1.9927659034729004,0.9758006930351257,1.5535376071929932,40135
16.059854984283447,1.991929054260254,0.9753812551498413,1.553114414215088,41051
16.06893301010132,1.9911988973617554,0.9749103784561157,1.5527021884918213,41136
16.079010725021362,1.9905275106430054,0.9748315811157227,1.5523533821105957,40499
16.089638471603394,1.9899039268493652,0.9744157195091248,1.5518746376037598,41053
16.099353075027466,1.9893395900726318,0.9743528366088867,1.5514800548553467,40495
16.10923194885254,1.9886436462402344,0.9742904305458069,1.5510534048080444,40494
16.119441986083984,1.9878748655319214,0.9746225476264954,1.5507290363311768,39858
16.12928032875061,1.9872231483459473,0.9743414521217346,1.5503116846084595,40844
16.139094591140747,1.9864516258239746,0.9740899801254272,1.5498963594436646,40807
16.149052381515503,1.985878586769104,0.9744253158569336,1.5494521856307983,39853
16.159071922302246,1.9853780269622803,0.9743524789810181,1.549033761024475,40508
16.168553829193115,1.9849883317947388,0.9745011329650879,1.5485577583312988,40162
16.17897868156433,1.9844746589660645,0.9745858311653137,1.548142910003662,40262
16.189295053482056,1.983975887298584,0.9746541976928711,1.5475319623947144,40287
16.19900393486023,1.9833250045776367,0.9744452238082886,1.54708993434906,40734
16.209601163864136,1.9829436540603638,0.9748061299324036,1.5466448068618774,39812
16.219501972198486,1.9822227954864502,0.9753281474113464,1.5462566614151,39535
16.229448795318604,1.9817719459533691,0.975551426410675,1.5458821058273315,40025
16.23878502845764,1.9810410737991333,0.9754036664962769,1.5454449653625488,40622
16.24853253364563,1.9802570343017578,0.9749329686164856,1.5450538396835327,41149
16.258516550064087,1.9795445203781128,0.9745445251464844,1.5446271896362305,41017
16.268508434295654,1.9789122343063354,0.9745869040489197,1.5442105531692505,40318
16.27908682823181,1.9783591032028198,0.9744206070899963,1.543766975402832,40663
16.28902506828308,1.9775575399398804,0.9742427468299866,1.5433311462402344,40689
16.298485279083252,1.9767223596572876,0.9736911058425903,1.5428943634033203,41300
16.308671474456787,1.976322054862976,0.9744960069656372,1.5425013303756714,39108
16.319918632507324,1.97575044631958,0.9746086597442627,1.542165994644165,40201
16.328914642333984,1.975432276725769,0.9750475883483887,1.5417486429214478,39709
16.33823800086975,1.974806785583496,0.9749588370323181,1.5412395000457764,40538
16.348838329315186,1.9743486642837524,0.9749725461006165,1.5408800840377808,40385
16.358974933624268,1.9738527536392212,0.9750635623931885,1.540397047996521,40243
16.368471384048462,1.973077654838562,0.974571943283081,1.5399338006973267,41197
16.378408670425415,1.9724401235580444,0.9746603965759277,1.5395479202270508,40262
16.38834023475647,1.972200870513916,0.9751376509666443,1.539221167564392,39606
16.399006605148315,1.9716116189956665,0.9753450155258179,1.5388660430908203,40059
16.40868067741394,1.9710564613342285,0.9758996963500977,1.5384125709533691,39505
16.418938398361206,1.9704458713531494,0.9758714437484741,1.5380256175994873,40428
16.428972959518433,1.9698240756988525,0.9755895137786865,1.5376734733581543,40853
16.43921732902527,1.9690274000167847,0.9750614762306213,1.5373626947402954,41237
16.44802498817444,1.968454360961914,0.9749374985694885,1.5369516611099243,40586
16.458341598510742,1.968051791191101,0.9752765893936157,1.5365769863128662,39821
16.469370365142822,1.9674978256225586,0.9752675294876099,1.5362658500671387,40403
16.478395700454712,1.9669761657714844,0.9749977588653564,1.5359402894973755,40842
16.488657236099243,1.9667186737060547,0.9758042097091675,1.5355257987976074,39086
16.499552249908447,1.9662466049194336,0.9760005474090576,1.5350271463394165,40056
16.508617877960205,1.965831995010376,0.9761703610420227,1.5347013473510742,40127
16.519916534423828,1.9652149677276611,0.9758563041687012,1.534332275390625,40885
16.529609203338623,1.9648517370224,0.9760805368423462,1.5339833498001099,40021
16.53838038444519,1.964547038078308,0.9762790203094482,1.5336750745773315,40048
16.549336910247803,1.9640659093856812,0.9762188792228699,1.5333327054977417,40481
16.559134006500244,1.9636118412017822,0.9759995937347412,1.5329986810684204,40727
16.569704055786133,1.9634207487106323,0.9762683510780334,1.5326372385025024,39938
16.579123735427856,1.9630260467529297,0.9763685464859009,1.5323104858398438,40196
16.58924150466919,1.9626234769821167,0.976298451423645,1.5319701433181763,40488
16.599650144577026,1.9620736837387085,0.9760348200798035,1.5315947532653809,40810
16.609010696411133,1.9618914127349854,0.9762541651725769,1.5313018560409546,40017
16.620022773742676,1.9613620042800903,0.9764405488967896,1.530936598777771,40055
16.628741025924683,1.9609851837158203,0.9768255949020386,1.5307241678237915,39745
16.63925528526306,1.960451364517212,0.9764726758003235,1.5303339958190918,40937
16.649048328399658,1.9600334167480469,0.9761335849761963,1.530028223991394,40933
16.658467531204224,1.9596261978149414,0.976020336151123,1.5297939777374268,40540
16.6692795753479,1.959416389465332,0.976111114025116,1.5295124053955078,40210
16.679025173187256,1.959144949913025,0.9759129285812378,1.5292847156524658,40690
16.688613176345825,1.9590520858764648,0.9761441349983215,1.5289772748947144,40004
16.699456691741943,1.958756446838379,0.9761641621589661,1.5286316871643066,40330
16.709120988845825,1.9586396217346191,0.9762914776802063,1.528285264968872,40182
16.71875238418579,1.9584503173828125,0.9763284921646118,1.527953863143921,40309
16.72930932044983,1.9584460258483887,0.9764857292175293,1.5277141332626343,40122
16.739662647247314,1.9581815004348755,0.9764212369918823,1.527398705482483,40472
16.749571561813354,1.9579699039459229,0.9761849641799927,1.5270805358886719,40768
16.759721994400024,1.9577921628952026,0.9761135578155518,1.5268288850784302,40487
16.76873254776001,1.9575581550598145,0.9759331345558167,1.526594638824463,40657
16.779468774795532,1.95750093460083,0.976014256477356,1.526261568069458,40236
16.788238286972046,1.9573789834976196,0.9760702848434448,1.5260018110275269,40273
16.79903483390808,1.9571706056594849,0.9758582711219788,1.5257930755615234,40724
16.809200763702393,1.9571619033813477,0.9759968519210815,1.525584101676941,40156
16.81847071647644,1.9570695161819458,0.9759117364883423,1.5253853797912598,40502
16.829561471939087,1.956997036933899,0.9758738875389099,1.525224208831787,40450
16.83961796760559,1.9569510221481323,0.9761437177658081,1.5249758958816528,39937
16.848745107650757,1.9568102359771729,0.9757850766181946,1.5246931314468384,40961
16.858341932296753,1.9567711353302002,0.9758114814758301,1.52454674243927,40357
16.868720293045044,1.9567070007324219,0.9756505489349365,1.5243690013885498,40608
16.87870717048645,1.9565919637680054,0.975485622882843,1.524183988571167,40655
16.889216423034668,1.956595778465271,0.9755455851554871,1.5240362882614136,40285
16.898632287979126,1.9565681219100952,0.9754265546798706,1.523911952972412,40576
16.909302949905396,1.9565635919570923,0.9754077792167664,1.5237823724746704,40424
16.91972827911377,1.9567956924438477,0.9755862355232239,1.5236334800720215,40092
16.929099082946777,1.9569329023361206,0.9756469130516052,1.5235158205032349,40278
16.93853521347046,1.9570488929748535,0.9756232500076294,1.5232683420181274,40435
16.948418140411377,1.9572813510894775,0.9756129384040833,1.523108720779419,40403
16.95891261100769,1.9573074579238892,0.9756420850753784,1.523012399673462,40336
16.96892023086548,1.9573956727981567,0.9755592942237854,1.5229408740997314,40521
16.978841304779053,1.9578303098678589,0.9760493636131287,1.5228360891342163,39594
16.98936104774475,1.9579353332519531,0.9760006070137024,1.522763967514038,40441
16.998343229293823,1.9580671787261963,0.9759969115257263,1.5227283239364624,40411
17.009210348129272,1.958153247833252,0.9760095477104187,1.5226342678070068,40357
17.01851987838745,1.9582126140594482,0.9757261872291565,1.522412657737732,40836
17.029168844223022,1.9585089683532715,0.9760106801986694,1.5223122835159302,39924
17.039029121398926,1.9586608409881592,0.9760469198226929,1.522283911705017,40301
17.04906439781189,1.9589383602142334,0.9760997891426086,1.5223077535629272,40302
17.059318780899048,1.959272861480713,0.9761945009231567,1.5222811698913574,40221
17.06839370727539,1.9594089984893799,0.9761437177658081,1.5222545862197876,40458
17.078269481658936,1.9596619606018066,0.9761756062507629,1.5222231149673462,40332
17.089163303375244,1.9601818323135376,0.9760177135467529,1.521952509880066,40632
17.098745346069336,1.9600766897201538,0.9761658310890198,1.5221809148788452,40140
17.10930585861206,1.9606651067733765,0.9760326743125916,1.5219465494155884,40586
17.119230031967163,1.9607828855514526,0.9758156538009644,1.521964430809021,40735
17.129194259643555,1.960963487625122,0.9759305715560913,1.5220959186553955,40197
17.138937950134277,1.9611564874649048,0.9757896661758423,1.5220967531204224,40598
17.149274349212646,1.9613733291625977,0.9753978848457336,1.5221211910247803,41028
17.15885853767395,1.9615715742111206,0.9753305315971375,1.5221445560455322,40505
17.168203592300415,1.9618242979049683,0.9750750064849854,1.5222088098526,40796
17.178905487060547,1.962010383605957,0.9749006628990173,1.5222861766815186,40682
17.189204454421997,1.9623711109161377,0.9749696254730225,1.5222760438919067,40287
17.199199199676514,1.9627013206481934,0.9750280380249023,1.522355556488037,40297
17.208949327468872,1.963037371635437,0.9751524329185486,1.5224695205688477,40213
17.218955278396606,1.9634225368499756,0.9752021431922913,1.5224816799163818,40336
17.228839635849,1.9637657403945923,0.9752756953239441,1.5226008892059326,40295
17.23897624015808,1.9643168449401855,0.9755246043205261,1.522654414176941,40008
17.248682260513306,1.9645874500274658,0.9754429459571838,1.5227802991867065,40536
17.258585691452026,1.9649773836135864,0.9756589531898499,1.5229461193084717,40067
17.269323587417603,1.9655112028121948,0.9758464097976685,1.523105502128601,40090
17.278945207595825,1.965886116027832,0.9759641885757446,1.5231913328170776,40209
17.289568662643433,1.9661294221878052,0.9756375551223755,1.5233033895492554,40939
17.299328327178955,1.966361403465271,0.9746105670928955,1.5233608484268188,42076
17.30918836593628,1.966660499572754,0.9744428992271423,1.5234904289245605,40687
17.319408416748047,1.9670952558517456,0.9742573499679565,1.5236520767211914,40690
17.32848811149597,1.9676165580749512,0.9745950102806091,1.5239635705947876,39882
17.33917808532715,1.9680922031402588,0.9747360944747925,1.5241855382919312,40199
17.350128412246704,1.9684977531433105,0.97484290599823,1.5243624448776245,40273
17.35999894142151,1.968876600265503,0.9748048186302185,1.5244624614715576,40502
17.371694087982178,1.9693632125854492,0.974875807762146,1.524539828300476,40330
17.378769397735596,1.9697327613830566,0.9749982357025146,1.5247163772583008,40226
17.389899015426636,1.9702566862106323,0.9748543500900269,1.5249214172363281,40667
17.399790287017822,1.970898985862732,0.9752218127250671,1.5250810384750366,39853
17.412111282348633,1.9714720249176025,0.9745204448699951,1.5252459049224854,41553
17.419847011566162,1.9717081785202026,0.9737520217895508,1.525460124015808,41707
17.429651975631714,1.9721380472183228,0.9737899303436279,1.5256493091583252,40378
17.438554525375366,1.9723303318023682,0.973443329334259,1.5258338451385498,41000
17.44932770729065,1.9727109670639038,0.9735459685325623,1.5261319875717163,40289
17.459246397018433,1.9730583429336548,0.9734439849853516,1.5264160633087158,40637
17.472066164016724,1.9733681678771973,0.9733467698097229,1.5265816450119019,40610
17.478742361068726,1.973750114440918,0.9731343388557434,1.5268133878707886,40829
17.48944354057312,1.9741417169570923,0.9729771018028259,1.527003288269043,40729
17.499030351638794,1.9743051528930664,0.9723676443099976,1.5272102355957031,41468
17.510475158691406,1.9745696783065796,0.9715786576271057,1.5273948907852173,41770
17.517958879470825,1.975225567817688,0.971335768699646,1.5275335311889648,40902
17.527795791625977,1.9762389659881592,0.9720736742019653,1.527742862701416,39293
17.537933826446533,1.9767175912857056,0.9721391797065735,1.5278980731964111,40395
17.548345804214478,1.9771438837051392,0.9719364047050476,1.5280241966247559,40858
17.558340072631836,1.9774290323257446,0.9717064499855042,1.5282131433486938,40885
17.56846857070923,1.97768235206604,0.9713766574859619,1.528354287147522,41044
17.57853937149048,1.9781547784805298,0.9711176753044128,1.5285619497299194,40938
17.588410139083862,1.9785724878311157,0.9712244272232056,1.5287607908248901,40340
17.598503589630127,1.979084849357605,0.9710450768470764,1.5289943218231201,40815
17.608984231948853,1.9795984029769897,0.9710489511489868,1.529158592224121,40527
17.61900758743286,1.980246901512146,0.9707333445549011,1.5292463302612305,41036
17.62822961807251,1.9808080196380615,0.9706782102584839,1.5294020175933838,40630
17.638392210006714,1.9812527894973755,0.9704291224479675,1.5295395851135254,40941
17.64853310585022,1.9817875623703003,0.9705468416213989,1.5297415256500244,40356
17.658522129058838,1.9822196960449219,0.9705065488815308,1.5299162864685059,40611
17.66892981529236,1.9827897548675537,0.9705001711845398,1.530061960220337,40555
17.67903423309326,1.9832671880722046,0.97044438123703,1.5302159786224365,40633
17.689656972885132,1.9838138818740845,0.9705748558044434,1.53040611743927,40338
17.69813823699951,1.9843872785568237,0.9704663753509521,1.530571460723877,40723
17.708877086639404,1.9848698377609253,0.9698835015296936,1.530634880065918,41502
17.71944832801819,1.9853633642196655,0.9696558713912964,1.5307072401046753,40934
17.729366064071655,1.9859868288040161,0.9697002172470093,1.5308616161346436,40496
17.738853454589844,1.986505150794983,0.9698866009712219,1.5310578346252441,40266
17.74965524673462,1.9869345426559448,0.9697834849357605,1.5312340259552002,40738
17.759142875671387,1.9875643253326416,0.9699987173080444,1.5313889980316162,40220
17.7691490650177,1.988070011138916,0.9696109294891357,1.5313924551010132,41193
17.77912139892578,1.98851478099823,0.9695867300033569,1.53151273727417,40619
17.7885103225708,1.989012598991394,0.9694031476974487,1.5315614938735962,40874
17.799264907836914,1.9895628690719604,0.9688533544540405,1.531676173210144,41480
17.80887746810913,1.989964485168457,0.9685811996459961,1.5318084955215454,41039
17.81847381591797,1.9905273914337158,0.968735933303833,1.5319489240646362,40350
17.828688144683838,1.9911036491394043,0.9688006639480591,1.532006859779358,40495
17.838574171066284,1.991625189781189,0.9687064290046692,1.5320864915847778,40768
17.849305152893066,1.9921753406524658,0.9686275124549866,1.532150387763977,40726
17.85928440093994,1.992520809173584,0.9682519435882568,1.5321894884109497,41215
17.868468046188354,1.9933832883834839,0.9688290953636169,1.532444715499878,39683
17.879907846450806,1.9938809871673584,0.9686986804008484,1.5325255393981934,40823
17.88928985595703,1.9942904710769653,0.968675971031189,1.5325825214385986,40649
17.898504734039307,1.9946082830429077,0.9680057168006897,1.5325803756713867,41699
17.908601760864258,1.9950904846191406,0.9677094221115112,1.532650113105774,41107
17.919599056243896,1.99558687210083,0.9677385091781616,1.5326745510101318,40605
17.929097175598145,1.9961349964141846,0.9678715467453003,1.5327554941177368,40410
17.93900990486145,1.9967312812805176,0.9680700898170471,1.5328712463378906,40314
17.948872804641724,1.9974305629730225,0.9681943655014038,1.533029317855835,40438
17.95862078666687,1.9979475736618042,0.9683448672294617,1.533141016960144,40385
17.969152212142944,1.9982342720031738,0.9680207967758179,1.5332814455032349,41157
17.978874683380127,1.9983071088790894,0.9675334692001343,1.5331799983978271,41428
17.989303827285767,1.9989497661590576,0.9671027064323425,1.533203363418579,41346
17.99948787689209,1.9994310140609741,0.9671315550804138,1.533316731452942,40598
18.00904154777527,2.0000956058502197,0.967335045337677,1.5333389043807983,40343
18.018869161605835,2.0006868839263916,0.9673483371734619,1.5334950685501099,40636
18.02914071083069,2.001431703567505,0.9680222272872925,1.5334863662719727,39573
18.039565086364746,2.001817464828491,0.9679917097091675,1.5335898399353027,40694
18.048505783081055,2.001962184906006,0.9675163626670837,1.5336145162582397,41414
18.059396743774414,2.0024526119232178,0.9676594734191895,1.533605933189392,40423
18.068646907806396,2.002763271331787,0.9674896597862244,1.5337432622909546,40926
18.079148769378662,2.0031042098999023,0.9673792123794556,1.533934235572815,40834
18.088289499282837,2.003488540649414,0.967063307762146,1.5339714288711548,41166
18.0985050201416,2.0041425228118896,0.9667940139770508,1.5341382026672363,41108
18.10943365097046,2.005178689956665,0.9674729704856873,1.5339126586914062,39579
18.119151830673218,2.005401611328125,0.9672151207923889,1.5339621305465698,41087
18.12922191619873,2.005870819091797,0.9673823118209839,1.534021258354187,40397
18.139113426208496,2.006443500518799,0.9677813649177551,1.5340315103530884,40014
18.149596214294434,2.006784200668335,0.9677738547325134,1.534180998802185,40669
18.159390449523926,2.0074656009674072,0.9682499766349792,1.534293532371521,39884
18.169355392456055,2.007765769958496,0.9682914018630981,1.53431236743927,40569
18.178587436676025,2.0080528259277344,0.9682570695877075,1.5343290567398071,40716
18.189571142196655,2.008711099624634,0.9683268666267395,1.534345030784607,40518
18.199346780776978,2.008997917175293,0.9683094620704651,1.5343878269195557,40669
18.209161520004272,2.009587287902832,0.9685866832733154,1.5344268083572388,40205
18.218324661254883,2.0105443000793457,0.9689053893089294,1.534375548362732,40125
18.22873020172119,2.0110723972320557,0.9686657190322876,1.5343618392944336,41029
18.23838996887207,2.0113158226013184,0.9684868454933167,1.534409999847412,40948
18.249173402786255,2.0117578506469727,0.9686501622200012,1.534461498260498,40398
18.2585871219635,2.0119335651397705,0.9684514999389648,1.5344353914260864,40970
18.269334077835083,2.012423038482666,0.9686230421066284,1.5345120429992676,40374
18.27814483642578,2.0128560066223145,0.9687035083770752,1.5345934629440308,40519
18.28868079185486,2.013542890548706,0.9691582918167114,1.5347453355789185,39901
18.298269510269165,2.0140092372894287,0.9692391157150269,1.5347813367843628,40515
18.308480739593506,2.0142855644226074,0.9693014025688171,1.534791350364685,40530
18.319154262542725,2.014620065689087,0.9693105816841125,1.5347754955291748,40630
18.329145908355713,2.015005588531494,0.9691962003707886,1.5347626209259033,40816
18.339150190353394,2.015479803085327,0.9694340229034424,1.534762978553772,40249
18.349599361419678,2.0158917903900146,0.9694740772247314,1.5347707271575928,40587
18.358535289764404,2.0163018703460693,0.9696241617202759,1.5348535776138306,40393
18.36955499649048,2.016737937927246,0.9691600799560547,1.5348824262619019,41399
18.379268884658813,2.0169425010681152,0.96898353099823,1.5348926782608032,40927
18.38891887664795,2.017597198486328,0.9690048694610596,1.5348368883132935,40640
18.398123502731323,2.0180001258850098,0.9690671563148499,1.5347826480865479,40556
18.40921640396118,2.0183346271514893,0.9691306948661804,1.5348047018051147,40556
18.419346570968628,2.018716335296631,0.9690984487533569,1.5348297357559204,40701
18.42917227745056,2.0190799236297607,0.9692137837409973,1.5348869562149048,40512
18.438504219055176,2.019536018371582,0.9693795442581177,1.5348542928695679,40362
18.448827028274536,2.0198113918304443,0.9693377017974854,1.5348297357559204,40717
18.45894479751587,2.0202291011810303,0.9692431688308716,1.534769892692566,40809
18.46858549118042,2.0211408138275146,0.9695163369178772,1.5345648527145386,40206
18.478472471237183,2.0214638710021973,0.9694738984107971,1.5345388650894165,40725
18.48938012123108,2.0218186378479004,0.969318687915802,1.5347522497177124,40905
18.4987211227417,2.022306442260742,0.9694464802742004,1.5347424745559692,40484
18.5097017288208,2.0230324268341064,0.9694395661354065,1.5345875024795532,40682
18.51895046234131,2.023512601852417,0.9696369171142578,1.534469723701477,40308
18.52940034866333,2.023733139038086,0.9694780707359314,1.5344353914260864,40912
18.53863215446472,2.0241212844848633,0.969525158405304,1.5344476699829102,40573
18.548129320144653,2.0246238708496094,0.9698686003684998,1.5344083309173584,40094
18.559186220169067,2.0251238346099854,0.97003573179245,1.534481167793274,40370
18.570303440093994,2.026081085205078,0.9706622362136841,1.5344231128692627,39616
18.579500913619995,2.0265703201293945,0.9707621932029724,1.534429669380188,40462
18.589005708694458,2.0268144607543945,0.9707390069961548,1.534372329711914,40639
18.598592281341553,2.0272059440612793,0.9705168008804321,1.5343035459518433,40966
18.609097003936768,2.02768874168396,0.9704633951187134,1.5342397689819336,40701
18.619574069976807,2.028054714202881,0.9702175855636597,1.5342339277267456,41073
18.62958312034607,2.028317451477051,0.9697861075401306,1.5342694520950317,41325
18.638920307159424,2.0288352966308594,0.9698182940483093,1.534300684928894,40609
18.648613452911377,2.029296636581421,0.969893217086792,1.5342426300048828,40546
18.658838748931885,2.0299112796783447,0.9699676632881165,1.534283995628357,40526
18.668474912643433,2.0302796363830566,0.9699439406394958,1.5342674255371094,40645
18.6787269115448,2.030677318572998,0.9699458479881287,1.5342273712158203,40617
18.688842058181763,2.031080961227417,0.9701186418533325,1.5342649221420288,40347
18.698484182357788,2.0316011905670166,0.970212459564209,1.5343141555786133,40472
18.70849585533142,2.0319559574127197,0.9701492190361023,1.5343197584152222,40722
18.71903419494629,2.032240152359009,0.9698118567466736,1.5342929363250732,41161
18.729098320007324,2.0325088500976562,0.9695875644683838,1.5342838764190674,40992
18.73884868621826,2.033099412918091,0.9692178964614868,1.5341763496398926,41247
18.74844217300415,2.033766746520996,0.9693209528923035,1.5341898202896118,40475
18.75860571861267,2.0346791744232178,0.9699193239212036,1.534165620803833,39692
18.76855230331421,2.0354409217834473,0.9705363512039185,1.534167766571045,39632
18.77914309501648,2.0359370708465576,0.9707340002059937,1.5342170000076294,40263
18.78848361968994,2.0363247394561768,0.9708102345466614,1.534260869026184,40437
18.799188137054443,2.0367517471313477,0.9710105061531067,1.5342048406600952,40240
18.809341192245483,2.0371530055999756,0.9711090922355652,1.5341377258300781,40441
18.818246603012085,2.0377562046051025,0.9713397026062012,1.5341273546218872,40202
18.841180324554443,2.038147211074829,0.9712311625480652,1.5341861248016357,40722
18.84440541267395,2.0391910076141357,0.9719546437263489,1.534159779548645,39418
18.848712682724,2.0395781993865967,0.9718108773231506,1.534239411354065,40804
18.858919858932495,2.040097236633301,0.971408486366272,1.5341572761535645,41198
18.879714012145996,2.04036808013916,0.9711294770240784,1.5341625213623047,41027
18.88349938392639,2.041003465652466,0.9714800119400024,1.534314751625061,40026
18.8901686668396,2.041337490081787,0.9714899659156799,1.5342899560928345,40571
18.899157524108887,2.0418801307678223,0.9716681838035583,1.5342916250228882,40294
18.90946364402771,2.0422425270080566,0.97170490026474,1.534356951713562,40481
18.92849564552307,2.042659044265747,0.9718859791755676,1.5344269275665283,40244
18.93115472793579,2.043260335922241,0.9720898270606995,1.534407138824463,40247
18.93829345703125,2.0435445308685303,0.9719832539558411,1.5344367027282715,40700
18.948230981826782,2.043898582458496,0.9718214869499207,1.53446364402771,40806
18.958515882492065,2.044346570968628,0.9720029830932617,1.5344966650009155,40266
18.96849036216736,2.044830799102783,0.9720664620399475,1.5345535278320312,40467
18.97829842567444,2.0453217029571533,0.9723500609397888,1.5346730947494507,40072
18.988656044006348,2.0458147525787354,0.9722638726234436,1.534686803817749,40678
18.998993635177612,2.04642653465271,0.9726763963699341,1.5346335172653198,39853
19.008975505828857,2.0468881130218506,0.9725211262702942,1.5345540046691895,40808
19.018567085266113,2.047203302383423,0.9724863171577454,1.5345702171325684,40552
19.028786659240723,2.0478641986846924,0.9731389880180359,1.5345375537872314,39484
19.03937792778015,2.0484704971313477,0.9734136462211609,1.5346142053604126,40074
19.04811716079712,2.048956871032715,0.9736559987068176,1.5346612930297852,40065
19.05846333503723,2.0493080615997314,0.9738203883171082,1.5347322225570679,40225
19.0683696269989,2.0497031211853027,0.9739784002304077,1.5347005128860474,40187
19.079063653945923,2.050076484680176,0.9740376472473145,1.5346848964691162,40384
19.089308977127075,2.0504491329193115,0.9739407896995544,1.5346604585647583,40613
19.098190546035767,2.05100679397583,0.9742005467414856,1.5347447395324707,40082
19.10903024673462,2.0513803958892822,0.9741986989974976,1.5347840785980225,40501
19.11926579475403,2.051827907562256,0.9745318293571472,1.5348683595657349,39933
19.129173517227173,2.0523016452789307,0.9746994972229004,1.5348141193389893,40215
19.139255046844482,2.0524330139160156,0.9742976427078247,1.534761905670166,41080
19.149106979370117,2.0524747371673584,0.9739769697189331,1.534723162651062,40987
19.159074544906616,2.052762985229492,0.9741241931915283,1.5347368717193604,40271
19.16844916343689,2.0530569553375244,0.9737510085105896,1.534703254699707,41133
19.179462671279907,2.0534729957580566,0.9739633202552795,1.5347349643707275,40129
19.189751863479614,2.054013252258301,0.9742424488067627,1.5347387790679932,40051
19.19857668876648,2.054473638534546,0.9743519425392151,1.5346556901931763,40278
19.208983421325684,2.0547070503234863,0.9743503332138062,1.5346449613571167,40437
19.21842885017395,2.0550448894500732,0.974342942237854,1.534608244895935,40478
19.22882080078125,2.055208683013916,0.9743803143501282,1.534591555595398,40413
19.238296031951904,2.055629014968872,0.97479248046875,1.5345845222473145,39783
19.248698472976685,2.0558793544769287,0.9746788144111633,1.5346131324768066,40682
19.25896143913269,2.0561604499816895,0.974809467792511,1.534608006477356,40167
19.26920771598816,2.0563066005706787,0.9747825264930725,1.53456449508667,40554
19.278648614883423,2.0564167499542236,0.9746223092079163,1.534467339515686,40684
19.28901171684265,2.0565483570098877,0.9745121002197266,1.5343966484069824,40685
19.298434257507324,2.0568454265594482,0.9747379422187805,1.5343354940414429,40124
19.308541297912598,2.0571513175964355,0.9748342633247375,1.5342875719070435,40330
19.318272829055786,2.057715654373169,0.9752373695373535,1.5342199802398682,39798
19.32827091217041,2.057979106903076,0.9749377965927124,1.5342130661010742,40946
19.33845329284668,2.058241844177246,0.9747051000595093,1.5341404676437378,40820
19.349227905273438,2.0583457946777344,0.9745497107505798,1.5340259075164795,40756
19.35885739326477,2.0583794116973877,0.9741542339324951,1.5339360237121582,41167
19.368448734283447,2.058642864227295,0.9741601943969727,1.5338671207427979,40503
19.379377365112305,2.0588643550872803,0.9741909503936768,1.5338411331176758,40478
19.389228582382202,2.0590362548828125,0.9737550020217896,1.5338189601898193,41212
19.400119066238403,2.059535503387451,0.9743219017982483,1.5337530374526978,39575
19.409018516540527,2.059725761413574,0.9739330410957336,1.5336369276046753,41176
19.41933250427246,2.059685707092285,0.9735705256462097,1.533586025238037,41051
19.429473876953125,2.0599138736724854,0.9733189940452576,1.5334060192108154,40963
19.439502716064453,2.0600438117980957,0.9733172059059143,1.5333261489868164,40573
19.449085474014282,2.060336112976074,0.9732373952865601,1.5333094596862793,40692
19.459120988845825,2.060727119445801,0.9733858108520508,1.5333610773086548,40301
19.469576835632324,2.061082124710083,0.9735210537910461,1.5332403182983398,40329
19.478235960006714,2.061192274093628,0.9733176231384277,1.5330995321273804,40848
19.489323139190674,2.061445474624634,0.973299503326416,1.5329736471176147,40555
19.49871063232422,2.0616447925567627,0.9730273485183716,1.5328612327575684,41002
19.50873613357544,2.062052011489868,0.9732488393783569,1.5327119827270508,40185
19.519168853759766,2.0622522830963135,0.9732856750488281,1.5326933860778809,40507
19.529409408569336,2.0622668266296387,0.9730440974235535,1.5326131582260132,40912
19.53822374343872,2.062572479248047,0.9733604788780212,1.5325608253479004,40041
19.548622131347656,2.0626509189605713,0.9729936122894287,1.5323597192764282,41161
19.558522701263428,2.0628585815429688,0.9724603295326233,1.532103419303894,41386
19.56869888305664,2.0630576610565186,0.9726663827896118,1.5319252014160156,40253
19.57918667793274,2.063556432723999,0.9731371402740479,1.5317219495773315,39842
19.58918786048889,2.0638277530670166,0.9731534719467163,1.531572937965393,40502
19.598381996154785,2.0639994144439697,0.9732199907302856,1.5315176248550415,40405
19.608579397201538,2.064171552658081,0.9732352495193481,1.5314058065414429,40504
19.619602918624878,2.0642333030700684,0.9731351137161255,1.5312273502349854,40690
19.62954616546631,2.0643560886383057,0.9730671644210815,1.5310134887695312,40670
19.639123916625977,2.064412832260132,0.9730645418167114,1.5308384895324707,40538
19.659181356430054,2.064549684524536,0.9730756878852844,1.5306845903396606,40533
19.66497540473938,2.0650289058685303,0.9736423492431641,1.5305230617523193,39628
19.670700788497925,2.0651278495788574,0.9735739231109619,1.5303601026535034,40648
19.678962230682373,2.0654568672180176,0.9738081097602844,1.5301975011825562,40093
19.698514223098755,2.065471887588501,0.9738709330558777,1.52996826171875,40387
19.70358180999756,2.0657665729522705,0.973924994468689,1.5297197103500366,40441
19.710098028182983,2.065744161605835,0.9738067388534546,1.5295194387435913,40700
19.718524932861328,2.066117763519287,0.974076509475708,1.529247760772705,40089
19.729029655456543,2.066415786743164,0.9743323922157288,1.5290812253952026,40120
19.738500356674194,2.0665271282196045,0.974419891834259,1.5289604663848877,40349
19.748302936553955,2.06657075881958,0.974419116973877,1.5285983085632324,40482
19.758453130722046,2.0668349266052246,0.9742797017097473,1.5282981395721436,40731
19.769611358642578,2.0667898654937744,0.9741674661636353,1.5279957056045532,40698
19.77954864501953,2.0668344497680664,0.9740551114082336,1.527688980102539,40715
19.788411140441895,2.0669467449188232,0.9741500020027161,1.5273743867874146,40384
19.798733711242676,2.0670530796051025,0.9741369485855103,1.5272067785263062,40557
19.809098482131958,2.067103624343872,0.9743244051933289,1.5269616842269897,40215
19.819535970687866,2.067249059677124,0.9745336174964905,1.526688814163208,40168
19.82851529121399,2.067502498626709,0.9746717214584351,1.5262929201126099,40275
19.84960389137268,2.0673978328704834,0.9746341705322266,1.5258188247680664,40564
19.859737157821655,2.0673837661743164,0.9744704365730286,1.525504231452942,40779
19.865657091140747,2.067594528198242,0.974871039390564,1.5251388549804688,39867
19.872049808502197,2.067631721496582,0.9749239087104797,1.5248994827270508,40438
19.878616333007812,2.067878484725952,0.9754058718681335,1.5245659351348877,39779
19.901654481887817,2.067816734313965,0.9753822088241577,1.524251103401184,40462
19.904992818832397,2.068002223968506,0.975479781627655,1.5238091945648193,40339
19.908509254455566,2.0678822994232178,0.9752784967422485,1.5234854221343994,40837
19.9189772605896,2.0678277015686035,0.9752973914146423,1.5230658054351807,40469
19.92853546142578,2.0677521228790283,0.9752885103225708,1.5226376056671143,40546
19.949469089508057,2.0679211616516113,0.9757577180862427,1.5223143100738525,39765
19.95919966697693,2.067960500717163,0.9761716723442078,1.5220011472702026,39818
19.96474266052246,2.0680010318756104,0.9763127565383911,1.5215826034545898,40252
19.979270458221436,2.068000555038452,0.9763930439949036,1.5211001634597778,40292
19.984839916229248,2.0679805278778076,0.9764917492866516,1.5205883979797363,40315
